0 8.53651206356212e-11
1 3.30532206020907e-05
2 1.43651066266026e-05
3 -0.000107821381281976
4 -0.000385295129734364
5 -0.000869892686370029
6 -0.00161351417988977
7 -0.00266813927315936
8 -0.00408584315064225
9 -0.00591881255368448
10 -0.00821936186393949
11 -0.0110399492514735
12 -0.0144331928871419
13 -0.0184518872308855
14 -0.0231490194055453
15 -0.028577785656849
16 -0.034791607916585
17 -0.0418441504696165
18 -0.0497893367357102
19 -0.0586813661757114
20 -0.0685747313264221
21 -0.079524234976318
22 -0.0915850074873261
23 -0.104812524273077
24 -0.119262623442746
25 -0.134991523615458
26 -0.15205584191942
27 -0.170512612180261
28 -0.190419303310369
29 -0.211833837906819
30 -0.234814611068865
31 -0.259420509442465
32 -0.28571093050357
33 -0.313745802089543
34 -0.343585602187198
35 -0.37529137898986
36 -0.408924771232773
37 -0.444548028818802
38 -0.482224033741919
39 -0.522016321324768
40 -0.563989101775359
41 -0.608207282082344
42 -0.654736488251417
43 -0.703643087903656
44 -0.754994213242306
45 -0.808857784403094
46 -0.865302533199075
47 -0.924398027278901
48 -0.986214694701103
49 -1.0508238489526
50 -1.11829771441135
51 -1.18870945227881
52 -1.26213318699052
53 -1.33864403312285
54 -1.41831812281132
55 -1.50123263369577
56 -1.58746581740991
57 -1.6770970286308
58 -1.77020675470835
59 -1.86687664588872
60 -1.96718954615396
61 -2.0712295246923
62 -2.17908190802541
63 -2.29083331280343
64 -2.40657167929583
65 -2.52638630559562
66 -2.65036788255732
67 -2.77860852949677
68 -2.91120183066613
69 -3.04824287253798
70 -3.18982828191418
71 -3.3360562648896
72 -3.48702664669464
73 -3.64284091244246
74 -3.80360224880799
75 -3.96941558666918
76 -4.1403876447352
77 -4.31662697419507
78 -4.49824400441544
79 -4.68535108971682
80 -4.87806255726818
81 -5.07649475612391
82 -5.28076610744369
83 -5.4909971559302
84 -5.70731062251896
85 -5.92983145836125
86 -6.15868690013625
87 -6.39400652673453
88 -6.63592231735405
89 -6.88456871105114
90 -7.14008266779196
91 -7.40260373104732
92 -7.67227409198153
93 -7.94923865528154
94 -8.23364510667844
95 -8.52564398220951
96 -8.82538873928241
97 -9.13303582958467
98 -9.4487447739095
99 -9.77267823894626
100 -10.1050021161022
101 -10.4458856024171
102 -10.7955012836361
103 -11.1540252195096
104 -11.5216370313858
105 -11.8985199921758
106 -12.2848611187577
107 -12.680851266901
108 -13.0866852287927
109 -13.5025618332439
110 -13.9286840486647
111 -14.3652590888955
112 -14.8124985219887
113 -15.2706183820285
114 -15.7398392840964
115 -16.2203865424762
116 -16.7124902922107
117 -17.2163856141112
118 -17.7323126633389
119 -18.2605168016751
120 -18.8012487335967
121 -19.3547646462869
122 -19.9213263537099
123 -20.5012014448839
124 -21.0946634364934
125 -21.7019919299856
126 -22.3234727733
127 -22.9593982273887
128 -23.6100671376883
129 -24.2757851107113
130 -24.9568646959305
131 -25.6536255731393
132 -26.3663947454712
133 -27.0955067382782
134 -27.8413038040636
135 -28.6041361336853
136 -29.3843620740433
137 -30.1823483524785
138 -30.9984703081162
139 -31.8331121304021
140 -32.6866671050781
141 -33.5595378678679
142 -34.4521366661382
143 -35.364885628828
144 -36.2982170449355
145 -37.2525736508715
146 -38.2284089270012
147 -39.2261874037014
148 -40.2463849772846
149 -41.2894892361459
150 -42.3559997975064
151 -43.4464286551457
152 -44.5613005385238
153 -45.701153283718
154 -46.8665382166119
155 -48.0580205487948
156 -49.2761797866443
157 -50.5216101540917
158 -51.7949210295865
159 -53.0967373977933
160 -54.4277003165871
161 -55.7884673999281
162 -57.1797133172291
163 -58.6021303098445
164 -60.0564287253461
165 -61.5433375702823
166 -63.0636050821257
167 -64.6179993211795
168 -66.2073087832129
169 -67.8323430336463
170 -69.4939333641488
171 -71.1929334725265
172 -72.930220166845
173 -74.7066940947493
174 -76.5232804990015
175 -78.3809300002961
176 -80.2806194084605
177 -82.2233525632008
178 -84.2101612056011
179 -86.2421058816446
180 -88.3202768790818
181 -90.4457951990196
182 -92.6198135636975
183 -94.8435174619433
184 -97.1181262339149
185 -99.4448941967696
186 -101.825111813006
187 -104.260106903293
188 -106.751245905693
189 -109.299935183272
190 -111.907622382169
191 -114.575797842344
192 -117.305996063272
193 -120.099797226986
194 -122.958828781007
195 -125.884767083788
196 -128.879339115438
197 -131.944324256646
198 -135.081556138841
199 -138.292924568797
200 -141.580377531026
201 -144.945923271501
202 -148.391632466392
203 -151.919640479714
204 -155.532149713962
205 -159.231432058019
206 -163.019831436852
207 -166.899766467715
208 -170.873733227859
209 -174.944308138958
210 -179.114150973777
211 -183.386007990848
212 -187.762715203271
213 -192.247201788017
214 -196.842493642504
215 -201.551717095527
216 -206.378102780022
217 -211.324989675532
218 -216.395829328673
219 -221.594190260309
220 -226.923762568665
221 -232.388362738058
222 -237.991938663454
223 -243.738574901658
224 -249.632498160459
225 -255.678083037739
226 -261.879858023164
227 -268.242511775801
228 -274.770899691718
229 -281.470050776422
230 -288.345174837793
231 -295.401670016061
232 -302.645130668301
233 -310.081355625863
234 -317.716356844252
235 -325.556368465996
236 -333.607856318272
237 -341.877527868233
238 -350.372342660314
239 -359.099523261175
240 -368.066566739358
241 -377.281256708356
242 -386.751675963336
243 -396.486219743578
244 -406.493609654457
245 -416.782908284775
246 -427.363534557288
247 -438.245279852436
248 -449.438324947599
249 -460.9532578166
250 -472.801092336756
251 -484.99328795349
252 -497.541770355336
253 -510.45895321524
254 -523.757761057167
255 -537.451653310431
256 -551.554649617634
257 -566.081356465858
258 -581.046995214576
259 -596.467431597882
260 -612.359206782903
261 -628.739570070702
262 -645.626513330689
263 -663.038807264404
264 -680.996039599604
265 -699.518655320853
266 -718.627999048217
267 -738.346359681321
268 -758.69701743171
269 -779.704293372425
270 -801.39360163959
271 -823.791504426921
272 -846.925769920105
273 -870.825433323973
274 -895.520861141356
275 -921.043818868155
276 -947.427542274582
277 -974.706812447493
278 -1002.91803477311
279 -1032.09932204312
280 -1062.29058186969
281 -1093.53360859662
282 -1125.87217989348
283 -1159.35215821806
284 -1194.02159732791
285 -1229.93085401518
286 -1267.13270522854
287 -1305.68247073187
288 -1345.63814143071
289 -1387.06051347262
290 -1430.01332819709
291 -1474.5634179712
292 -1520.78085789959
293 -1568.73912333814
294 -1618.51525306963
295 -1670.19001791303
296 -1723.84809443516
297 -1779.5782433098
298 -1837.473491723
299 -1897.63131905034
300 -1960.15384482726
301 -2025.14801779441
302 -2092.72580451908
303 -2163.00437576614
304 -2236.10628841132
305 -2312.15966024722
306 -2391.29833452142
307 -2473.66203045635
308 -2559.39647532293
309 -2648.65351286295
310 -2741.59118196869
311 -2838.37375851852
312 -2939.17175212404
313 -3044.16184825377
314 -3153.52678474989
315 -3267.45515013696
316 -3386.14108932703
317 -3509.78390034847
318 -3638.5875035665
319 -3772.75976252797
320 -3912.51163306756
321 -4058.05611468544
322 -4209.60697549159
323 -4367.37721927481
324 -4531.5772605848
325 -4702.41277123683
326 -4880.08215952067
327 -5064.77364182558
328 -5256.66186564168
329 -5455.90404328562
330 -5662.63555761171
331 -5876.96500486959
332 -6098.96864628206
333 -6328.6842494416
334 -6566.10431390604
335 -6811.1686930909
336 -7063.75664737228
337 -7323.67839182566
338 -7590.66623668441
339 -7864.3654596072
340 -8144.32509602839
341 -8429.98888653636
342 -8720.6866770186
343 -9015.62662601897
344 -9313.88863119639
345 -9614.41943870687
346 -9916.02994044684
347 -10217.3951881517
348 -10517.0576534545
349 -10813.4342321631
350 -11104.8274227789
351 -11389.4409987264
352 -11665.4003385398
353 -11930.7773796407
354 -12183.6199252088
355 -12421.9847710494
356 -12643.9738465299
357 -12847.7723013441
358 -13031.6872417464
359 -13194.1856502859
360 -13333.9299339926
361 -13449.8095540634
362 -13540.967303828
363 -13606.8190194478
364 -13647.0658168548
365 -13661.6983262719
366 -13650.9928119539
367 -13615.4994850367
368 -13556.0237070118
369 -13473.6011098713
370 -13369.4679033656
371 -13245.0277867289
372 -13101.8169286684
373 -12941.4684320739
374 -12765.6775732143
375 -12576.1689187693
376 -12374.6661997941
377 -12162.8655812324
378 -11942.4127280132
379 -11714.883849431
380 -11481.7707132251
381 -11244.4694658819
382 -11004.2729784363
383 -10762.3663564639
384 -10519.8252056376
385 -10277.6162253345
386 -10036.5997067373
387 -9797.53353306115
388 -9561.0783126756
389 -9327.80331638464
390 -9098.19293416132
391 -8872.65341123138
392 -8651.51966637357
393 -8435.06203515447
394 -8223.49281663608
395 -8016.97253343122
396 -7815.61584173996
397 -7619.49705032523
398 -7428.65522559401
399 -7243.09887445029
400 -7062.81020783436
401 -6887.748996325
402 -6717.85603530188
403 -6553.05624136131
404 -6393.26140431763
405 -6238.37262053217
406 -6088.28243376741
407 -5942.87670950206
408 -5802.03626785364
409 -5665.63829909758
410 -5533.55758437054
411 -5405.6675425983
412 -5281.84112307235
413 -5161.95156147017
414 -5045.87301551527
415 -4933.48109493293
416 -4824.65329889795
417 -4719.26937280254
418 -4617.21159490422
419 -4518.36500224691
420 -4422.6175641823
421 -4329.8603108517
422 -4239.98742311428
423 -4152.89628962232
424 -4068.4875360404
425 -3986.66503077797
426 -3907.33587104598
427 -3830.41035255352
428 -3755.80192572184
429 -3683.42714090684
430 -3613.20558478062
431 -3545.05980972334
432 -3478.91525781474
433 -3414.70018078444
434 -3352.34555708031
435 -3291.78500703838
436 -3232.95470698618
437 -3175.79330297858
438 -3120.24182475064
439 -3066.2436003724
440 -3013.7441720048
441 -2962.69121308194
442 -2913.03444718091
443 -2864.72556878613
444 -2817.71816610814
445 -2771.96764607683
446 -2727.43116159545
447 -2684.06754111266
448 -2641.83722054575
449 -2600.70217756796
450 -2560.62586825556
451 -2521.57316607647
452 -2483.51030319066
453 -2446.40481402289
454 -2410.2254810612
455 -2374.94228282822
456 -2340.52634396803
457 -2306.94988738751
458 -2274.18618838916
459 -2242.20953073015
460 -2210.99516454175
461 -2180.5192660429
462 -2150.75889898172
463 -2121.69197773923
464 -2093.29723203065
465 -2065.55417314049
466 -2038.44306162921
467 -2011.94487645056
468 -1986.04128542059
469 -1960.71461698069
470 -1935.94783319936
471 -1911.72450395866
472 -1888.02878227377
473 -1864.84538069542
474 -1842.1595487474
475 -1819.95705135268
476 -1798.22414820399
477 -1776.94757403622
478 -1756.11451975983
479 -1735.71261441632
480 -1715.72990791841
481 -1696.15485453902
482 -1676.97629711518
483 -1658.18345193391
484 -1639.76589426923
485 -1621.71354454028
486 -1604.01665506237
487 -1586.66579736368
488 -1569.65185004193
489 -1552.96598713633
490 -1536.59966699129
491 -1520.54462158953
492 -1504.79284633322
493 -1489.33659025291
494 -1474.16834662471
495 -1459.28084397738
496 -1444.6670374717
497 -1430.3201006353
498 -1416.23341743713
499 -1402.40057468614
500 -1388.81535473984
501 -1375.47172850889
502 -1362.36384874452
503 -1349.48604359626
504 -1336.83281042805
505 -1324.39880988138
506 -1312.17886017447
507 -1300.16793162731
508 -1288.36114140267
509 -1276.75374845358
510 -1265.34114866847
511 -1254.11887020532
512 -1243.08256900677
513 -1232.22802448831
514 -1221.55113539234
515 -1211.0479158008
516 -1200.71449129979
517 -1190.54709528977
518 -1180.54206543508
519 -1170.69584024704
520 -1161.00495579503
521 -1151.46604254012
522 -1142.07582228635
523 -1132.83110524458
524 -1123.72878720444
525 -1114.76584680987
526 -1105.93934293404
527 -1097.24641214956
528 -1088.68426629019
529 -1080.25019010031
530 -1071.94153896858
531 -1063.75573674254
532 -1055.69027362076
533 -1047.74270411958
534 -1039.91064511146
535 -1032.19177393203
536 -1024.58382655329
537 -1017.08459582025
538 -1009.69192974859
539 -1002.40372988095
540 -995.217949699615
541 -988.1325930934
542 -981.145712876647
543 -974.255409358373
544 -967.459828959647
545 -960.757162877351
546 -954.145645792613
547 -947.623554622199
548 -941.189207311267
549 -934.840961665962
550 -928.577214224325
551 -922.396399164153
552 -916.29698724641
553 -910.277484792904
554 -904.336432696968
555 -898.472405465955
556 -892.684010294382
557 -886.969886166622
558 -881.328702988086
559 -875.759160743863
560 -870.25998868385
561 -864.829944533424
562 -859.46781372876
563 -854.172408675905
564 -848.94256803281
565 -843.77715601348
566 -838.675061713494
567 -833.635198456152
568 -828.656503158514
569 -823.737935716693
570 -818.878478409681
571 -814.077135321131
572 -809.332931778439
573 -804.644913808578
574 -800.01214761009
575 -795.433719040705
576 -790.908733120061
577 -786.436313547026
578 -782.015602231125
579 -777.645758837616
580 -773.325960345767
581 -769.05540061988
582 -764.833289992671
583 -760.658854860583
584 -756.531337290662
585 -752.449994638596
586 -748.414099177592
587 -744.422937737708
588 -740.475811355329
589 -736.572034932456
590 -732.710936905491
591 -728.891858923231
592 -725.114155533765
593 -721.377193880004
594 -717.680353403577
595 -714.023025556814
596 -710.404613522597
597 -706.824531941796
598 -703.282206648089
599 -699.777074409925
600 -696.30858267941
601 -692.876189347908
602 -689.479362508157
603 -686.117580222692
604 -682.790330298396
605 -679.497110066993
606 -676.237426171293
607 -673.010794357035
608 -669.816739270147
609 -666.654794259278
610 -663.524501183424
611 -660.425410224523
612 -657.357079704852
613 -654.319075909105
614 -651.310972910995
615 -648.332352404273
616 -645.382803538009
617 -642.461922756036
618 -639.569313640427
619 -636.704586758887
620 -633.867359515951
621 -631.05725600789
622 -628.2739068812
623 -625.516949194593
624 -622.786026284371
625 -620.080787633113
626 -617.400888741564
627 -614.745991003633
628 -612.115761584441
629 -609.509873301299
630 -606.928004507566
631 -604.369838979286
632 -601.835065804539
633 -599.323379275438
634 -596.834478782678
635 -594.368068712592
636 -591.923858346632
637 -589.501561763215
638 -587.100897741874
639 -584.721589669635
640 -582.363365449588
641 -580.025957411575
642 -577.709102224934
643 -575.41254081327
644 -573.136018271171
645 -570.879283782836
646 -568.64209054256
647 -566.42419567703
648 -564.225360169371
649 -562.045348784925
650 -559.88392999869
651 -557.740875924392
652 -555.61596224514
653 -553.508968145635
654 -551.419676245882
655 -549.347872536365
656 -547.293346314667
657 -545.255890123474
658 -543.235299689946
659 -541.231373866409
660 -539.243914572347
661 -537.27272673765
662 -535.317618247096
663 -533.378399886026
664 -531.454885287192
665 -529.546890878754
666 -527.654235833374
667 -525.776742018411
668 -523.91423394716
669 -522.066538731146
670 -520.233486033402
671 -518.414908022748
672 -516.610639329026
673 -514.820516999273
674 -513.044380454801
675 -511.282071449186
676 -509.533434027112
677 -507.798314484082
678 -506.076561326945
679 -504.368025235243
680 -502.672559023355
681 -500.990017603401
682 -499.320257948916
683 -497.663139059248
684 -496.018521924696
685 -494.386269492331
686 -492.766246632516
687 -491.158320106106
688 -489.562358532286
689 -487.978232357065
690 -486.405813822391
691 -484.844976935885
692 -483.295597441161
693 -481.757552788747
694 -480.230722107567
695 -478.714986176989
696 -477.21022739941
697 -475.716329773389
698 -474.233178867291
699 -472.760661793449
700 -471.298667182821
701 -469.847085160136
702 -468.405807319525
703 -466.974726700606
704 -465.553737765035
705 -464.142736373505
706 -462.741619763178
707 -461.350286525541
708 -459.968636584695
709 -458.596571176034
710 -457.233992825338
711 -455.880805328257
712 -454.53691373017
713 -453.202224306428
714 -451.876644542959
715 -450.560083117237
716 -449.252449879597
717 -447.9536558349
718 -446.663613124533
719 -445.382235008735
720 -444.109435849252
721 -442.845131092307
722 -441.589237251878
723 -440.341671893276
724 -439.102353617028
725 -437.871202043049
726 -436.648137795087
727 -435.433082485465
728 -434.225958700082
729 -433.026689983689
730 -431.835200825426
731 -430.651416644611
732 -429.475263776788
733 -428.306669460013
734 -427.145561821391
735 -425.99186986384
736 -424.845523453097
737 -423.706453304936
738 -422.574590972629
739 -421.449868834602
740 -420.332220082331
741 -419.221578708418
742 -418.117879494901
743 -417.021058001743
744 -415.931050555531
745 -414.847794238365
746 -413.771226876935
747 -412.701287031787
748 -411.637913986769
749 -410.581047738654
750 -409.530628986943
751 -408.486599123842
752 -407.448900224392
753 -406.417475036787
754 -405.392266972835
755 -404.373220098588
756 -403.360279125128
757 -402.353389399501
758 -401.3524968958
759 -400.357548206407
760 -399.368490533367
761 -398.385271679905
762 -397.40784004209
763 -396.43614460063
764 -395.470134912796
765 -394.509761104489
766 -393.554973862426
767 -392.605724426458
768 -391.661964582008
769 -390.723646652633
770 -389.790723492708
771 -388.863148480223
772 -387.940875509697
773 -387.023858985206
774 -386.112053813521
775 -385.205415397354
776 -384.303899628715
777 -383.407462882368
778 -382.516062009395
779 -381.62965433086
780 -380.748197631573
781 -379.871650153945
782 -378.999970591954
783 -378.133118085189
784 -377.271052212994
785 -376.413732988703
786 -375.561120853965
787 -374.713176673155
788 -373.869861727867
789 -373.031137711499
790 -372.196966723917
791 -371.367311266203
792 -370.542134235475
793 -369.721398919802
794 -368.905068993178
795 -368.093108510584
796 -367.285481903124
797 -366.482153973225
798 -365.683089889922
799 -364.888255184205
800 -364.097615744437
801 -363.311137811845
802 -362.528787976073
803 -361.750533170803
804 -360.976340669444
805 -360.206178080877
806 -359.440013345272
807 -358.677814729961
808 -357.919550825375
809 -357.165190541037
810 -356.414703101614
811 -355.668058043034
812 -354.925225208647
813 -354.186174745453
814 -353.450877100382
815 -352.71930301662
816 -351.991423530001
817 -351.26720996544
818 -350.546633933425
819 -349.829667326551
820 -349.116282316118
821 -348.406451348758
822 -347.700147143127
823 -346.997342686635
824 -346.298011232226
825 -345.6021262952
826 -344.909661650089
827 -344.220591327561
828 -343.534889611386
829 -342.85253103543
830 -342.173490380699
831 -341.497742672422
832 -340.825263177177
833 -340.156027400047
834 -339.490011081836
835 -338.827190196299
836 -338.167540947431
837 -337.511039766777
838 -336.857663310794
839 -336.207388458238
840 -335.560192307593
841 -334.916052174531
842 -334.274945589408
843 -333.636850294799
844 -333.00174424306
845 -332.369605593924
846 -331.740412712133
847 -331.1141441651
848 -330.490778720603
849 -329.870295344508
850 -329.252673198524
851 -328.637891637992
852 -328.025930209695
853 -327.416768649707
854 -326.810386881261
855 -326.206765012652
856 -325.605883335167
857 -325.007722321043
858 -324.412262621444
859 -323.819485064476
860 -323.229370653222
861 -322.641900563807
862 -322.057056143475
863 -321.474818908715
864 -320.895170543388
865 -320.318092896891
866 -319.743567982344
867 -319.171577974796
868 -318.60210520946
869 -318.035132179961
870 -317.470641536623
871 -316.908616084759
872 -316.349038782998
873 -315.791892741625
874 -315.237161220945
875 -314.68482762967
876 -314.134875523322
877 -313.587288602658
878 -313.042050712117
879 -312.499145838286
880 -311.958558108383
881 -311.420271788761
882 -310.884271283431
883 -310.350541132603
884 -309.819066011246
885 -309.289830727662
886 -308.762820222086
887 -308.238019565299
888 -307.715413957252
889 -307.194988725717
890 -306.676729324951
891 -306.160621334378
892 -305.646650457278
893 -305.134802519509
894 -304.625063468228
895 -304.117419370641
896 -303.611856412757
897 -303.108360898167
898 -302.606919246831
899 -302.107517993882
900 -301.610143788445
901 -301.114783392475
902 -300.621423679594
903 -300.130051633964
904 -299.64065434915
905 -299.15321902702
906 -298.667732976636
907 -298.18418361318
908 -297.702558456872
909 -297.222845131916
910 -296.745031365451
911 -296.269104986522
912 -295.79505392505
913 -295.322866210829
914 -294.852529972524
915 -294.384033436687
916 -293.917364926784
917 -293.452512862226
918 -292.989465757428
919 -292.528212220855
920 -292.068740954105
921 -291.611040750982
922 -291.155100496593
923 -290.700909166448
924 -290.248455825572
925 -289.797729627633
926 -289.348719814071
927 -288.901415713243
928 -288.455806739578
929 -288.011882392738
930 -287.569632256789
931 -287.129045999388
932 -286.690113370974
933 -286.252824203962
934 -285.817168411961
935 -285.38313598899
936 -284.950717008704
937 -284.519901623634
938 -284.090680064427
939 -283.663042639107
940 -283.236979732331
941 -282.812481804663
942 -282.389539391847
943 -281.968143104103
944 -281.548283625413
945 -281.129951712831
946 -280.713138195786
947 -280.297833975406
948 -279.884030023839
949 -279.47171738359
950 -279.060887166861
951 -278.651530554895
952 -278.243638797335
953 -277.837203211586
954 -277.432215182182
955 -277.028666160161
956 -276.626547662455
957 -276.22585127127
958 -275.826568633488
959 -275.428691460069
960 -275.032211525461
961 -274.637120667013
962 -274.243410784401
963 -273.851073839054
964 -273.460101853588
965 -273.07048691125
966 -272.68222115536
967 -272.295296788766
968 -271.909706073305
969 -271.525441329264
970 -271.14249493485
971 -270.760859325667
972 -270.380526994198
973 -270.00149048929
974 -269.623742415646
975 -269.247275433326
976 -268.872082257247
977 -268.498155656691
978 -268.125488454821
979 -267.754073528196
980 -267.383903806297
981 -267.014972271056
982 -266.647271956387
983 -266.280795947729
984 -265.915537381582
985 -265.551489445064
986 -265.188645375455
987 -264.82699845976
988 -264.466542034271
989 -264.107269484127
990 -263.749174242895
991 -263.392249792137
992 -263.036489660992
993 -262.681887425765
994 -262.328436709508
995 -261.976131181616
996 -261.624964557425
997 -261.274930597809
998 -260.926023108792
999 -260.578235941147
1000 -260.231562990018
1001 -259.885998194532
1002 -259.54153553742
1003 -259.198169044644
1004 -258.855892785023
1005 -258.514700869867
1006 -258.174587452609
1007 -257.835546728452
1008 -257.497572934003
1009 -257.160660346926
1010 -256.824803285591
1011 -256.489996108724
1012 -256.156233215072
1013 -255.823509043054
1014 -255.491818070431
1015 -255.161154813975
1016 -254.831513829133
1017 -254.502889709705
1018 -254.175277087521
1019 -253.848670632121
1020 -253.523065050437
1021 -253.198455086482
1022 -252.874835521037
1023 -252.552201171342
1024 -252.230546890801
1025 -251.909867568668
1026 -251.590158129757
1027 -251.271413534142
1028 -250.95362877687
1029 -250.636798887662
1030 -250.320918930637
1031 -250.005984004017
1032 -249.691989239853
1033 -249.378929803742
1034 -249.066800894556
1035 -248.755597744161
1036 -248.445315617152
1037 -248.135949810584
1038 -247.827495653703
1039 -247.519948507686
1040 -247.213303765381
1041 -246.907556851046
1042 -246.602703220093
1043 -246.29873835884
1044 -245.995657784253
1045 -245.693457043703
1046 -245.392131714717
1047 -245.091677404736
1048 -244.792089750871
1049 -244.493364419667
1050 -244.195497106862
1051 -243.898483537156
1052 -243.602319463978
1053 -243.307000669249
1054 -243.012522963167
1055 -242.718882183968
1056 -242.426074197706
1057 -242.134094898036
1058 -241.842940205988
1059 -241.552606069751
1060 -241.263088464458
1061 -240.974383391972
1062 -240.686486880674
1063 -240.399394985252
1064 -240.113103786493
1065 -239.827609391081
1066 -239.542907931387
1067 -239.258995565269
1068 -238.975868475873
1069 -238.693522871435
1070 -238.411954985078
1071 -238.131161074627
1072 -237.851137422404
1073 -237.571880335046
1074 -237.293386143313
1075 -237.015651201898
1076 -236.738671889239
1077 -236.462444607339
1078 -236.186965781581
1079 -235.912231860546
1080 -235.638239315834
1081 -235.364984641885
1082 -235.092464355804
1083 -234.820674997183
1084 -234.549613127934
1085 -234.27927533211
1086 -234.009658215737
1087 -233.740758406649
1088 -233.472572554314
1089 -233.205097329676
1090 -232.938329424983
1091 -232.67226555363
1092 -232.406902449994
1093 -232.142236869276
1094 -231.87826558734
1095 -231.614985400561
1096 -231.352393125662
1097 -231.090485599566
1098 -230.829259679238
1099 -230.568712241537
1100 -230.308840183062
1101 -230.049640420007
1102 -229.791109888011
1103 -229.53324554201
1104 -229.276044356093
1105 -229.019503323361
1106 -228.763619455778
1107 -228.508389784036
1108 -228.25381135741
1109 -227.99988124362
1110 -227.746596528697
1111 -227.493954316841
1112 -227.241951730285
1113 -226.990585909169
1114 -226.739854011395
1115 -226.489753212507
1116 -226.240280705549
1117 -225.991433700943
1118 -225.743209426356
1119 -225.495605126576
1120 -225.248618063382
1121 -225.00224551542
1122 -224.756484778078
1123 -224.511333163368
1124 -224.266787999791
1125 -224.022846632231
1126 -223.779506421824
1127 -223.536764745843
1128 -223.29461899758
1129 -223.053066586227
1130 -222.812104936763
1131 -222.571731489832
1132 -222.331943701637
1133 -222.092739043823
1134 -221.854115003363
1135 -221.616069082447
1136 -221.378598798378
1137 -221.14170168345
1138 -220.90537528485
1139 -220.669617164548
1140 -220.434424899186
1141 -220.199796079976
1142 -219.965728312593
1143 -219.732219217071
1144 -219.499266427701
1145 -219.266867592928
1146 -219.035020375246
1147 -218.803722451103
1148 -218.572971510797
1149 -218.342765258376
1150 -218.113101411542
1151 -217.883977701555
1152 -217.655391873131
1153 -217.427341684349
1154 -217.199824906559
1155 -216.972839324279
1156 -216.746382735113
1157 -216.520452949645
1158 -216.295047791358
1159 -216.070165096538
1160 -215.845802714181
1161 -215.621958505906
1162 -215.398630345868
1163 -215.175816120664
1164 -214.953513729249
1165 -214.731721082849
1166 -214.510436104871
1167 -214.289656730824
1168 -214.069380908224
1169 -213.849606596523
1170 -213.630331767013
1171 -213.411554402749
1172 -213.193272498466
1173 -212.975484060498
1174 -212.758187106696
1175 -212.541379666345
1176 -212.325059780092
1177 -212.109225499858
1178 -211.893874888766
1179 -211.679006021059
1180 -211.464616982026
1181 -211.250705867924
1182 -211.037270785899
1183 -210.824309853917
1184 -210.611821200686
1185 -210.399802965579
1186 -210.188253298564
1187 -209.97717036013
1188 -209.766552321215
1189 -209.556397363133
1190 -209.346703677503
1191 -209.137469466178
1192 -208.928692941176
1193 -208.72037232461
1194 -208.512505848617
1195 -208.30509175529
1196 -208.098128296612
1197 -207.891613734389
1198 -207.685546340177
1199 -207.479924395223
1200 -207.274746190393
1201 -207.070010026111
1202 -206.865714212291
1203 -206.661857068275
1204 -206.458436922767
1205 -206.25545211377
1206 -206.052900988524
1207 -205.850781903441
1208 -205.649093224048
1209 -205.447833324919
1210 -205.24700058962
1211 -205.046593410643
1212 -204.84661018935
1213 -204.647049335911
1214 -204.447909269245
1215 -204.249188416964
1216 -204.050885215311
1217 -203.852998109102
1218 -203.655525551672
1219 -203.458466004816
1220 -203.261817938733
1221 -203.065579831966
1222 -202.869750171355
1223 -202.674327451972
1224 -202.479310177072
1225 -202.284696858037
1226 -202.090486014323
1227 -201.896676173402
1228 -201.703265870717
1229 -201.51025364962
1230 -201.317638061326
1231 -201.125417664858
1232 -200.933591026996
1233 -200.742156722226
1234 -200.551113332689
1235 -200.36045944813
1236 -200.17019366585
1237 -199.980314590652
1238 -199.790820834796
1239 -199.601711017947
1240 -199.412983767127
1241 -199.22463771667
1242 -199.036671508168
1243 -198.849083790429
1244 -198.661873219425
1245 -198.475038458251
1246 -198.288578177073
1247 -198.102491053083
1248 -197.916775770455
1249 -197.731431020299
1250 -197.546455500616
1251 -197.361847916252
1252 -197.177606978851
1253 -196.993731406818
1254 -196.810219925271
1255 -196.627071265993
1256 -196.444284167399
1257 -196.261857374484
1258 -196.079789638784
1259 -195.898079718335
1260 -195.716726377628
1261 -195.53572838757
1262 -195.35508452544
1263 -195.174793574854
1264 -194.994854325714
1265 -194.815265574176
1266 -194.636026122609
1267 -194.45713477955
1268 -194.27859035967
1269 -194.100391683732
1270 -193.922537578552
1271 -193.745026876962
1272 -193.567858417768
1273 -193.391031045716
1274 -193.214543611454
1275 -193.038394971488
1276 -192.862583988154
1277 -192.687109529573
1278 -192.511970469618
1279 -192.337165687881
1280 -192.162694069625
1281 -191.988554505763
1282 -191.814745892812
1283 -191.641267132857
1284 -191.468117133526
1285 -191.295294807942
1286 -191.122799074699
1287 -190.950628857819
1288 -190.778783086725
1289 -190.607260696201
1290 -190.436060626362
1291 -190.265181822621
1292 -190.094623235651
1293 -189.924383821356
1294 -189.754462540841
1295 -189.584858360369
1296 -189.41557025134
1297 -189.246597190254
1298 -189.077938158676
1299 -188.909592143212
1300 -188.741558135471
1301 -188.573835132035
1302 -188.406422134432
1303 -188.239318149098
1304 -188.072522187355
1305 -187.906033265372
1306 -187.739850404145
1307 -187.573972629455
1308 -187.408398971848
1309 -187.243128466602
1310 -187.078160153697
1311 -186.913493077786
1312 -186.749126288169
1313 -186.58505883876
1314 -186.421289788061
1315 -186.257818199134
1316 -186.094643139573
1317 -185.931763681474
1318 -185.769178901407
1319 -185.606887880396
1320 -185.444889703879
1321 -185.283183461693
1322 -185.121768248038
1323 -184.960643161458
1324 -184.799807304807
1325 -184.639259785228
1326 -184.478999714124
1327 -184.319026207135
1328 -184.159338384107
1329 -183.999935369073
1330 -183.840816290221
1331 -183.681980279874
1332 -183.52342647446
1333 -183.365154014493
1334 -183.207162044544
1335 -183.049449713214
1336 -182.892016173118
1337 -182.734860580851
1338 -182.577982096972
1339 -182.421379885975
1340 -182.265053116266
1341 -182.109000960142
1342 -181.953222593765
1343 -181.79771719714
1344 -181.642483954089
1345 -181.487522052234
1346 -181.332830682969
1347 -181.178409041437
1348 -181.024256326514
1349 -180.870371740776
1350 -180.716754490489
1351 -180.563403785577
1352 -180.410318839605
1353 -180.257498869758
1354 -180.104943096814
1355 -179.952650745129
1356 -179.800621042614
1357 -179.648853220709
1358 -179.497346514368
1359 -179.346100162037
1360 -179.195113405629
1361 -179.044385490512
1362 -178.893915665475
1363 -178.743703182724
1364 -178.593747297849
1365 -178.444047269809
1366 -178.294602360913
1367 -178.1454118368
1368 -177.996474966415
1369 -177.847791021995
1370 -177.699359279047
1371 -177.551179016331
1372 -177.403249515835
1373 -177.255570062766
1374 -177.108139945518
1375 -176.960958455668
1376 -176.814024887944
1377 -176.667338540217
1378 -176.520898713475
1379 -176.37470471181
1380 -176.228755842396
1381 -176.083051415474
1382 -175.937590744334
1383 -175.792373145293
1384 -175.647397937684
1385 -175.502664443833
1386 -175.358171989045
1387 -175.213919901585
1388 -175.069907512659
1389 -174.926134156404
1390 -174.782599169862
1391 -174.639301892969
1392 -174.496241668538
1393 -174.353417842239
1394 -174.210829762586
1395 -174.068476780918
1396 -173.926358251384
1397 -173.784473530932
1398 -173.64282197928
1399 -173.501402958911
1400 -173.360215835057
1401 -173.219259975676
1402 -173.078534751443
1403 -172.93803953573
1404 -172.797773704595
1405 -172.657736636764
1406 -172.517927713616
1407 -172.378346319165
1408 -172.238991840053
1409 -172.099863665526
1410 -171.960961187426
1411 -171.822283800171
1412 -171.683830900745
1413 -171.545601888679
1414 -171.407596166042
1415 -171.26981313742
1416 -171.132252209907
1417 -170.99491279309
1418 -170.857794299033
1419 -170.720896142262
1420 -170.584217739758
1421 -170.447758510934
1422 -170.311517877626
1423 -170.175495264083
1424 -170.039690096944
1425 -169.904101805234
1426 -169.768729820345
1427 -169.633573576025
1428 -169.498632508364
1429 -169.363906055781
1430 -169.229393659013
1431 -169.095094761096
1432 -168.961008807361
1433 -168.827135245414
1434 -168.693473525127
1435 -168.560023098623
1436 -168.426783420266
1437 -168.293753946648
1438 -168.160934136575
1439 -168.028323451056
1440 -167.89592135329
1441 -167.763727308657
1442 -167.6317407847
1443 -167.499961251119
1444 -167.368388179755
1445 -167.237021044581
1446 -167.105859321689
1447 -166.974902489278
1448 -166.844150027643
1449 -166.713601419164
1450 -166.583256148293
