0 -1.11648734598623e-10
1 -0.000160225327014344
2 -0.000320450543118196
3 -0.000480675760493909
4 -0.000640900978945153
5 -0.000801126199278849
6 -0.000961351421703403
7 -0.00112157664657312
8 -0.00128180187384795
9 -0.00144202710440028
10 -0.00160225233840188
11 -0.00176247757559307
12 -0.00192270281725223
13 -0.00208292806294753
14 -0.0022431533133102
15 -0.00240337856906172
16 -0.00256360382959335
17 -0.00272382909614225
18 -0.00288405436799089
19 -0.00304427964673627
20 -0.00320450493174728
21 -0.00336473022366087
22 -0.00352495552286125
23 -0.00368518082967553
24 -0.00384540614432611
25 -0.0040056314673815
26 -0.00416585679917124
27 -0.00432608213928805
28 -0.00448630748891476
29 -0.00464653284807305
30 -0.00480675821716441
31 -0.0049669835965319
32 -0.00512720898663116
33 -0.00528743438743125
34 -0.00544765979952177
35 -0.00560788522318785
36 -0.00576811065886507
37 -0.00592833610669942
38 -0.00608856156740136
39 -0.00624878704083365
40 -0.00640901252763026
41 -0.00656923802816246
42 -0.00672946354267344
43 -0.00688968907173146
44 -0.00704991461529749
45 -0.0072101401740576
46 -0.00737036574812805
47 -0.00753059133785443
48 -0.00769081694409108
49 -0.00785104256673054
50 -0.00801126820584034
51 -0.00817149386280372
52 -0.00833171953693137
53 -0.00849194522917739
54 -0.00865217093976739
55 -0.00881239666871571
56 -0.00897262241726992
57 -0.00913284818489818
58 -0.00929307397260307
59 -0.00945329978029849
60 -0.00961352560864393
61 -0.00977375145783523
62 -0.0099339773286383
63 -0.010094203220759
64 -0.0102544291354854
65 -0.0104146550724705
66 -0.0105748810324632
67 -0.0107351070154176
68 -0.0108953330220023
69 -0.0110555590531358
70 -0.0112157851087142
71 -0.0113760111890558
72 -0.0115362372946331
73 -0.0116964634259761
74 -0.011856689583239
75 -0.0120169157671847
76 -0.0121771419781308
77 -0.0123373682163571
78 -0.0124975944823687
79 -0.0126578207767474
80 -0.0128180470994667
81 -0.01297827345148
82 -0.0131384998330337
83 -0.0132987262445441
84 -0.013458952685934
85 -0.0136191791584408
86 -0.0137794056623101
87 -0.0139396321979644
88 -0.0140998587655389
89 -0.0142600853656908
90 -0.0144203119989116
91 -0.0145805386656665
92 -0.0147407653663057
93 -0.0149009921015299
94 -0.0150612188716577
95 -0.0152214456770074
96 -0.0153816725183069
97 -0.015541899395842
98 -0.0157021263102288
99 -0.015862353261947
100 -0.0160225802513095
101 -0.0161828072791639
102 -0.0163430343456104
103 -0.0165032614514317
104 -0.0166634885969142
105 -0.0168237157825356
106 -0.0169839430090504
107 -0.0171441702769824
108 -0.0173043975866868
109 -0.0174646249384791
110 -0.0176248523334684
111 -0.0177850797713609
112 -0.0179453072534783
113 -0.0181055347800719
114 -0.0182657623512066
115 -0.0184259899682747
116 -0.0185862176312877
117 -0.0187464453409473
118 -0.018906673097779
119 -0.0190669009021576
120 -0.0192271287550774
121 -0.0193873566566963
122 -0.0195475846076815
123 -0.019707812608759
124 -0.0198680406603167
125 -0.0200282687631474
126 -0.0201884969173465
127 -0.020348725124152
128 -0.0205089533838571
129 -0.020669181697091
130 -0.0208294100646444
131 -0.0209896384863817
132 -0.0211498669637018
133 -0.0213100954971388
134 -0.0214703240870107
135 -0.0216305527337665
136 -0.021790781438564
137 -0.021951010201757
138 -0.022111239023999
139 -0.0222714679060342
140 -0.0224316968482707
141 -0.022591925851343
142 -0.0227521549163696
143 -0.0229123840432079
144 -0.0230726132332311
145 -0.0232328424868245
146 -0.0233930718045237
147 -0.0235533011872272
148 -0.0237135306355353
149 -0.0238737601498989
150 -0.0240339897310997
151 -0.0241942193797772
152 -0.0243544490971845
153 -0.0245146788830738
154 -0.0246749087387791
155 -0.0248351386645311
156 -0.0249953686615661
157 -0.0251555987298992
158 -0.0253158288707107
159 -0.0254760590843251
160 -0.0256362893719337
161 -0.0257965197337614
162 -0.0259567501708151
163 -0.0261169806835147
164 -0.0262772112730444
165 -0.0264374419392317
166 -0.026597672683608
167 -0.0267579035061823
168 -0.0269181344082053
169 -0.0270783653900364
170 -0.0272385964521768
171 -0.0273988275963698
172 -0.0275590588216347
173 -0.0277192901303582
174 -0.0278795215213813
175 -0.0280397529969902
176 -0.0281999845574719
177 -0.0283602162024848
178 -0.0285204479338383
179 -0.0286806797520585
180 -0.0288409116568164
181 -0.0290011436495043
182 -0.0291613757307866
183 -0.0293216079008458
184 -0.0294818401608248
185 -0.0296420725106991
186 -0.0298023049513521
187 -0.0299625374833441
188 -0.0301227701071464
189 -0.030283002823396
190 -0.0304432356321515
191 -0.0306034685346575
192 -0.0307637015307428
193 -0.0309239346210989
194 -0.0310841678057872
195 -0.0312444010857495
196 -0.0314046344607923
197 -0.0315648679318832
198 -0.0317251014994393
199 -0.0318853351624086
200 -0.0320455689220335
201 -0.0322058027784985
202 -0.0323660367318569
203 -0.0325262707820464
204 -0.0326865049291417
205 -0.0328467391733426
206 -0.0330069735147241
207 -0.0331672079529239
208 -0.03332744248776
209 -0.033487677119456
210 -0.0336479118467396
211 -0.0338081466709617
212 -0.0339683815904766
213 -0.0341286166049289
214 -0.0342888517137189
215 -0.0344490869159128
216 -0.0346093222118629
217 -0.0347695575998085
218 -0.0349297930788988
219 -0.0350900286487361
220 -0.0352502643070286
221 -0.0354105000530634
222 -0.0355707358862651
223 -0.0357309718036308
224 -0.0358912078046862
225 -0.0360514438862394
226 -0.0362116800473103
227 -0.036371916285558
228 -0.036532152598593
229 -0.0366923889836302
230 -0.0368526254379162
231 -0.0370128619586542
232 -0.0371730985425841
233 -0.0373333351863198
234 -0.0374935718859216
235 -0.0376538086378206
236 -0.0378140454373877
237 -0.0379742822810317
238 -0.0381345191631067
239 -0.038294756077457
240 -0.0384549930201499
241 -0.0386152299846376
242 -0.0387754669640955
243 -0.038935703952832
244 -0.0390959409431124
245 -0.039256177926936
246 -0.0394164148970296
247 -0.039576651843533
248 -0.0397368887574037
249 -0.0398971256297725
250 -0.0400573624496978
251 -0.0402175992052185
252 -0.0403778358855274
253 -0.0405380724774013
254 -0.0406983089674562
255 -0.0408585453414075
256 -0.0410187815846206
257 -0.0411790176811527
258 -0.041339253612623
259 -0.0414994893623553
260 -0.0416597249101171
261 -0.041819960235241
262 -0.0419801953160601
263 -0.0421404301308099
264 -0.0423006646525272
265 -0.0424608988564792
266 -0.042621132716231
267 -0.0427813661987861
268 -0.0429415992765358
269 -0.0431018319138078
270 -0.0432620640769446
271 -0.0434222957268059
272 -0.0435825268249285
273 -0.043742757329253
274 -0.0439029871933037
275 -0.0440632163696018
276 -0.0442234448080072
277 -0.0443836724555601
278 -0.0445438992530245
279 -0.044704125140294
280 -0.0448643500526397
281 -0.0450245739209488
282 -0.0451847966720891
283 -0.0453450182294819
284 -0.0455052385087142
285 -0.045665457423289
286 -0.045825674878423
287 -0.0459858907752144
288 -0.046146105008267
289 -0.0463063174640591
290 -0.0464665280244183
291 -0.0466267365611781
292 -0.0467869429391474
293 -0.0469471470144412
294 -0.0471073486331633
295 -0.0472675476344294
296 -0.0474277438420952
297 -0.0475879370745932
298 -0.0477481271338876
299 -0.0479083138128064
300 -0.0480684968894724
301 -0.0482286761282405
302 -0.0483888512770467
303 -0.0485490220726295
304 -0.048709188230549
305 -0.048869349449215
306 -0.0490295054134712
307 -0.0491896557843838
308 -0.0493498001982987
309 -0.0495099382803365
310 -0.0496700696264095
311 -0.0498301938088264
312 -0.0499903103779209
313 -0.0501504188565279
314 -0.0503105187381017
315 -0.0504706094968693
316 -0.0506306905720724
317 -0.0507907613778417
318 -0.0509508212978572
319 -0.0511108696846935
320 -0.0512709058663735
321 -0.0514309291394602
322 -0.0515909387718131
323 -0.0517509340087786
324 -0.0519109140661114
325 -0.0520708781414882
326 -0.0522308254120024
327 -0.0523907550423359
328 -0.0525506661841596
329 -0.0527105579940839
330 -0.0528704296248827
331 -0.0530302802460294
332 -0.0531901090539404
333 -0.0533499152823005
334 -0.0535096982090357
335 -0.0536694571871263
336 -0.0538291916472921
337 -0.0539889011228957
338 -0.0541485852744675
339 -0.0543082439078267
340 -0.0544678769969952
341 -0.0546274847100347
342 -0.0547870674407313
343 -0.0549466258125953
344 -0.0551061607291601
345 -0.0552656733683848
346 -0.0554251652267629
347 -0.0555846381061285
348 -0.0557440941419665
349 -0.0559035357971057
350 -0.0560629658579196
351 -0.0562223874159418
352 -0.056381803849297
353 -0.0565412187865627
354 -0.0567006360772243
355 -0.0568600597160643
356 -0.0570194938132509
357 -0.0571789425190033
358 -0.0573384099459122
359 -0.0574979001148509
360 -0.0576574168864213
361 -0.0578169638828395
362 -0.0579765444260408
363 -0.0581361615042605
364 -0.0582958177137628
365 -0.0584555152058974
366 -0.0586152557096429
367 -0.0587750404841455
368 -0.0589348703204785
369 -0.0590947455733927
370 -0.0592546661644867
371 -0.0594146316046035
372 -0.059574641045666
373 -0.0597346932992655
374 -0.0598947869141264
375 -0.0600549201687606
376 -0.0602150911562846
377 -0.0603752978066951
378 -0.060535537948903
379 -0.0606958093323397
380 -0.0608561096583688
381 -0.0610164366227135
382 -0.0611767879501425
383 -0.0613371614096729
384 -0.0614975548197627
385 -0.0616579660986238
386 -0.0618183932366662
387 -0.0619788343381469
388 -0.0621392876157123
389 -0.0622997513945381
390 -0.0624602241077811
391 -0.0626207043079539
392 -0.0627811906623106
393 -0.0629416819367856
394 -0.0631021770166847
395 -0.0632626748846546
396 -0.0634231746120666
397 -0.0635836753662475
398 -0.0637441764061402
399 -0.0639046770575118
400 -0.0640651767287073
401 -0.0642256748914878
402 -0.0643861710844428
403 -0.0645466649021261
404 -0.0647071559924881
405 -0.0648676440485719
406 -0.0650281288119929
407 -0.0651886100580522
408 -0.0653490876021246
409 -0.0655095612909394
410 -0.0656700309987553
411 -0.0658304966240687
412 -0.0659909580975231
413 -0.0661514153544646
414 -0.0663118683639899
415 -0.0664723171024661
416 -0.0666327615623496
417 -0.0667932017522214
418 -0.0669536376862652
419 -0.0671140693931359
420 -0.0672744969011404
421 -0.0674349202592358
422 -0.0675953395090726
423 -0.0677557547091025
424 -0.0679161659163391
425 -0.0680765731862277
426 -0.0682369765877878
427 -0.0683973761868925
428 -0.0685577720507102
429 -0.0687181642502121
430 -0.0688785528561786
431 -0.069038937942641
432 -0.0691993195784597
433 -0.0693596978387439
434 -0.069520072794509
435 -0.0696804445183502
436 -0.0698408130815396
437 -0.0700011785552243
438 -0.0701615410087627
439 -0.0703219005129255
440 -0.0704822571360127
441 -0.0706426109429769
442 -0.070802962003127
443 -0.0709633103791429
444 -0.0711236561351759
445 -0.0712839993328748
446 -0.0714443400357717
447 -0.071604678302866
448 -0.0717650141908665
449 -0.0719253477606045
450 -0.072085679065397
451 -0.0722460081582288
452 -0.0724063350985842
453 -0.0725666599333074
454 -0.0727269827130891
455 -0.0728873034891378
456 -0.0730476223096363
457 -0.0732079392216912
458 -0.0733682542698892
459 -0.0735285674994189
460 -0.0736888789548819
461 -0.0738491886777696
462 -0.0740094967079796
463 -0.0741698030857029
464 -0.0743301078520724
465 -0.0744904110442636
466 -0.0746507126977832
467 -0.0748110128506916
468 -0.0749713115357399
469 -0.075131608789021
470 -0.0752919046423606
471 -0.0754521991288395
472 -0.0756124922789527
473 -0.0757727841241313
474 -0.0759330746938255
475 -0.0760933640168393
476 -0.0762536521194431
477 -0.0764139390326043
478 -0.0765742247811867
479 -0.0767345093911373
480 -0.0768947928869503
481 -0.0770550752938546
482 -0.0772153566360113
483 -0.0773756369362204
484 -0.0775359162175987
485 -0.0776961945019334
486 -0.0778564718103403
487 -0.078016748164301
488 -0.0781770235847219
489 -0.0783372980895382
490 -0.0784975716998615
491 -0.0786578444337735
492 -0.0788181163093098
493 -0.078978387344919
494 -0.0791386575569723
495 -0.0792989269644221
496 -0.0794591955818596
497 -0.0796194634257214
498 -0.0797797305126296
499 -0.0799399968571364
500 -0.0801002624735158
501 -0.0802605273769334
502 -0.0804207915831418
503 -0.0805810551032729
504 -0.0807413179518096
505 -0.0809015801433348
506 -0.0810618416883684
507 -0.0812221025995768
508 -0.08138236289152
509 -0.0815426225738243
510 -0.0817028816589005
511 -0.0818631401578336
512 -0.0820233980821975
513 -0.0821836554418488
514 -0.0823439122486042
515 -0.0825041685120896
516 -0.0826644242416445
517 -0.0828246794491308
518 -0.082984934141062
519 -0.0831451883290132
520 -0.0833054420226777
521 -0.0834656952286393
522 -0.0836259479572764
523 -0.0837862002160733
524 -0.0839464520148451
525 -0.0841067033613929
526 -0.0842669542620975
527 -0.0844272047260575
528 -0.0845874547597366
529 -0.0847477043738003
530 -0.084907953570819
531 -0.085068202361567
532 -0.0852284507507251
533 -0.085388698747361
534 -0.0855489463563975
535 -0.0857091935829379
536 -0.0858694404370887
537 -0.0860296869225578
538 -0.0861899330456835
539 -0.0863501788132752
540 -0.086510424229984
541 -0.0866706693032315
542 -0.0868309140364357
543 -0.0869911584369351
544 -0.0871514025083192
545 -0.0873116462575185
546 -0.0874718896887987
547 -0.0876321328076053
548 -0.0877923756184995
549 -0.0879526181264057
550 -0.0881128603363826
551 -0.0882731022526898
552 -0.0884333438798174
553 -0.0885935852223105
554 -0.088753826284869
555 -0.0889140670705026
556 -0.0890743075850182
557 -0.0892345478314347
558 -0.0893947878145873
559 -0.0895550275386301
560 -0.0897152670063241
561 -0.0898755062212593
562 -0.0900357451886168
563 -0.0901959839112211
564 -0.0903562223921034
565 -0.0905164606357835
566 -0.0906766986443545
567 -0.0908369364232213
568 -0.090997173973877
569 -0.0911574113010471
570 -0.0913176484071426
571 -0.0914778852947351
572 -0.0916381219673623
573 -0.091798358427374
574 -0.0919585946795817
575 -0.0921188307252092
576 -0.0922790665686182
577 -0.0924393022104157
578 -0.0925995376550123
579 -0.0927597729045664
580 -0.0929200079625884
581 -0.0930802428303367
582 -0.0932404775102494
583 -0.0934007120060737
584 -0.0935609463197987
585 -0.0937211804541014
586 -0.0938814144102462
587 -0.0940416481924679
588 -0.0942018818006502
589 -0.0943621152386919
590 -0.0945223485092945
591 -0.0946825816125536
592 -0.0948428145524237
593 -0.0950030473304076
594 -0.0951632799486036
595 -0.0953235124086546
596 -0.0954837447130619
597 -0.0956439768633911
598 -0.0958042088622428
599 -0.0959644407113807
600 -0.0961246724120447
601 -0.0962849039662302
602 -0.0964451353758594
603 -0.0966053666429736
604 -0.0967655977693401
605 -0.0969258287556857
606 -0.0970860596053926
607 -0.0972462903181317
608 -0.0974065208975415
609 -0.0975667513436116
610 -0.0977269816586252
611 -0.0978872118441755
612 -0.0980474419018613
613 -0.0982076718330585
614 -0.0983679016393385
615 -0.0985281313218658
616 -0.0986883608821391
617 -0.0988485903215233
618 -0.0990088196419508
619 -0.0991690488442644
620 -0.0993292779304576
621 -0.0994895069004549
622 -0.0996497357570541
623 -0.0998099645008703
624 -0.0999701931331169
625 -0.100130421654846
626 -0.100290650068253
627 -0.100450878373574
628 -0.100611106572792
629 -0.100771334665911
630 -0.100931562655406
631 -0.1010917905416
632 -0.101252018325658
633 -0.101412246009067
634 -0.101572473592586
635 -0.101732701077269
636 -0.101892928464688
637 -0.102053155755928
638 -0.102213382950359
639 -0.10237361005102
640 -0.102533837057946
641 -0.102694063972806
642 -0.102854290795211
643 -0.103014517527568
644 -0.10317474416929
645 -0.103334970723432
646 -0.103495197189169
647 -0.103655423567621
648 -0.103815649860528
649 -0.103975876067444
650 -0.104136102190662
651 -0.104296328230348
652 -0.104456554186988
653 -0.104616780061883
654 -0.104777005855521
655 -0.104937231569339
656 -0.105097457203628
657 -0.105257682759775
658 -0.105417908237171
659 -0.105578133638098
660 -0.105738358961922
661 -0.105898584211124
662 -0.106058809384934
663 -0.106219034484317
664 -0.106379259510832
665 -0.106539484463567
666 -0.106699709344868
667 -0.10685993415509
668 -0.107020158894324
669 -0.107180383563404
670 -0.10734060816342
671 -0.107500832694216
672 -0.107661057157259
673 -0.10782128155322
674 -0.107981505881684
675 -0.108141730143606
676 -0.108301954340288
677 -0.1084621784722
678 -0.108622402539633
679 -0.108782626543176
680 -0.108942850483459
681 -0.109103074361024
682 -0.109263298175789
683 -0.109423521929734
684 -0.109583745622222
685 -0.109743969254455
686 -0.109904192826982
687 -0.110064416338631
688 -0.11022463979273
689 -0.110384863188629
690 -0.110545086525301
691 -0.110705309805226
692 -0.110865533028711
693 -0.111025756195049
694 -0.111185979305928
695 -0.111346202360926
696 -0.111506425361117
697 -0.111666648306678
698 -0.111826871198529
699 -0.111987094036381
700 -0.112147316821103
701 -0.112307539553014
702 -0.112467762232881
703 -0.112627984860676
704 -0.112788207437026
705 -0.112948429962797
706 -0.113108652437139
707 -0.11326887486209
708 -0.113429097236816
709 -0.113589319562562
710 -0.113749541838821
711 -0.113909764067468
712 -0.114069986246493
713 -0.114230208378121
714 -0.114390430463165
715 -0.114550652500494
716 -0.114710874491426
717 -0.114871096435036
718 -0.115031318333964
719 -0.115191540186264
720 -0.115351761993696
721 -0.115511983756712
722 -0.115672205474401
723 -0.115832427148693
724 -0.115992648778069
725 -0.116152870365315
726 -0.116313091908314
727 -0.116473313408071
728 -0.116633534866284
729 -0.116793756281594
730 -0.116953977655584
731 -0.117114198987659
732 -0.117274420278331
733 -0.117434641528168
734 -0.117594862736662
735 -0.117755083904834
736 -0.117915305033529
737 -0.118075526121982
738 -0.118235747171291
739 -0.118395968180831
740 -0.118556189152036
741 -0.118716410084624
742 -0.118876630978157
743 -0.119036851833214
744 -0.119197072651109
745 -0.119357293431509
746 -0.119517514174053
747 -0.119677734879979
748 -0.119837955548321
749 -0.119998176181237
750 -0.120158396777465
751 -0.120318617337275
752 -0.120478837861241
753 -0.120639058350446
754 -0.120799278803332
755 -0.120959499221435
756 -0.121119719605347
757 -0.121279939954032
758 -0.121440160268268
759 -0.121600380549023
760 -0.121760600795296
761 -0.121920821007574
762 -0.122081041187637
763 -0.12224126133338
764 -0.122401481446102
765 -0.122561701526891
766 -0.122721921573951
767 -0.122882141589401
768 -0.123042361571889
769 -0.123202581523518
770 -0.123362801442639
771 -0.123523021330496
772 -0.123683241187146
773 -0.123843461012162
774 -0.124003680806704
775 -0.124163900569941
776 -0.124324120303024
777 -0.124484340005285
778 -0.124644559677991
779 -0.124804779320767
780 -0.124964998932941
781 -0.125125218516279
782 -0.125285438069812
783 -0.125445657593689
784 -0.125605877088843
785 -0.125766096554797
786 -0.125926315992488
787 -0.126086535402036
788 -0.126246754782321
789 -0.12640697413446
790 -0.126567193458671
791 -0.12672741275557
792 -0.12688763202415
793 -0.127047851264747
794 -0.12720807047916
795 -0.127368289665482
796 -0.127528508824876
797 -0.127688727957114
798 -0.127848947063137
799 -0.128009166142182
800 -0.128169385194543
801 -0.128329604220958
802 -0.128489823221469
803 -0.128650042195376
804 -0.128810261144086
805 -0.128970480066478
806 -0.129130698963731
807 -0.129290917834962
808 -0.129451136681989
809 -0.129611355502736
810 -0.129771574298947
811 -0.129931793070456
812 -0.130092011816722
813 -0.130252230539222
814 -0.130412449236395
815 -0.130572667909802
816 -0.130732886559171
817 -0.130893105183677
818 -0.131053323784603
819 -0.131213542361866
820 -0.13137376091575
821 -0.131533979445254
822 -0.13169419795231
823 -0.131854416435303
824 -0.132014634895425
825 -0.132174853332298
826 -0.132335071746104
827 -0.132495290137968
828 -0.13265550850568
829 -0.132815726851361
830 -0.132975945175232
831 -0.133136163476131
832 -0.133296381754823
833 -0.133456600011421
834 -0.13361681824581
835 -0.133777036458789
836 -0.133937254649756
837 -0.134097472818843
838 -0.134257690966407
839 -0.134417909092363
840 -0.134578127197442
841 -0.134738345280358
842 -0.13489856334297
843 -0.135058781384047
844 -0.135218999404465
845 -0.1353792174035
846 -0.1355394353824
847 -0.135699653339876
848 -0.135859871277324
849 -0.136020089194289
850 -0.136180307091278
851 -0.136340524967201
852 -0.136500742823148
853 -0.136660960659495
854 -0.136821178475551
855 -0.13698139627148
856 -0.137141614047182
857 -0.137301831804091
858 -0.137462049541471
859 -0.137622267258433
860 -0.137782484956003
861 -0.13794270263509
862 -0.138102920293707
863 -0.138263137934254
864 -0.138423355555196
865 -0.138583573157499
866 -0.138743790740815
867 -0.138904008304681
868 -0.139064225850543
869 -0.139224443377188
870 -0.139384660885124
871 -0.139544878374967
872 -0.139705095845616
873 -0.13986531329895
874 -0.140025530733211
875 -0.140185748149733
876 -0.140345965547809
877 -0.140506182928183
878 -0.14066640029024
879 -0.14082661763453
880 -0.140986834961238
881 -0.141147052270075
882 -0.141307269560888
883 -0.141467486834172
884 -0.141627704090071
885 -0.141787921328585
886 -0.141948138550002
887 -0.142108355753536
888 -0.142268572940011
889 -0.142428790109176
890 -0.142589007261706
891 -0.142749224396939
892 -0.142909441515175
893 -0.143069658616564
894 -0.143229875701165
895 -0.143390092768769
896 -0.143550309819541
897 -0.143710526853975
898 -0.143870743871616
899 -0.144030960872956
900 -0.144191177857603
901 -0.144351394826084
902 -0.144511611778139
903 -0.144671828714231
904 -0.144832045633536
905 -0.144992262537306
906 -0.14515247942513
907 -0.145312696295994
908 -0.145472913151681
909 -0.145633129991731
910 -0.145793346814906
911 -0.14595356362321
912 -0.146113780415216
913 -0.146273997192562
914 -0.146434213953119
915 -0.146594430698493
916 -0.146754647428655
917 -0.146914864142808
918 -0.147075080841588
919 -0.147235297525948
920 -0.147395514194238
921 -0.147555730847271
922 -0.147715947485549
923 -0.147876164108441
924 -0.148036380717164
925 -0.148196597309166
926 -0.148356813887228
927 -0.148517030450231
928 -0.148677246998652
929 -0.148837463532165
930 -0.148997680050884
931 -0.149157896554312
932 -0.149318113044137
933 -0.149478329518628
934 -0.149638545978268
935 -0.14979876242399
936 -0.149958978855405
937 -0.150119195271841
938 -0.150279411674077
939 -0.150439628062191
940 -0.150599844436056
941 -0.150760060795403
942 -0.150920277141237
943 -0.15108049347244
944 -0.151240709789082
945 -0.151400926092139
946 -0.151561142381245
947 -0.151721358656799
948 -0.151881574917746
949 -0.152041791165154
950 -0.152202007398557
951 -0.152362223618171
952 -0.152522439823919
953 -0.152682656016205
954 -0.152842872195059
955 -0.153003088360234
956 -0.153163304510956
957 -0.15332352064906
958 -0.15348373677373
959 -0.153643952884584
960 -0.153804168981907
961 -0.153964385065958
962 -0.15412460113708
963 -0.154284817193992
964 -0.154445033238559
965 -0.154605249269384
966 -0.154765465287418
967 -0.154925681291854
968 -0.155085897283376
969 -0.155246113261584
970 -0.15540632922732
971 -0.155566545179557
972 -0.155726761119381
973 -0.155886977045938
974 -0.156047192959113
975 -0.156207408860581
976 -0.156367624748123
977 -0.156527840623469
978 -0.156688056486044
979 -0.156848272335417
980 -0.157008488172384
981 -0.157168703997147
982 -0.157328919808819
983 -0.157489135608059
984 -0.157649351395289
985 -0.157809567168926
986 -0.157969782930973
987 -0.158129998680083
988 -0.158290214416729
989 -0.158450430141291
990 -0.158610645853624
991 -0.158770861553454
992 -0.158931077240643
993 -0.15909129291597
994 -0.159251508579054
995 -0.159411724229946
996 -0.159571939868608
997 -0.159732155495205
998 -0.159892371109469
999 -0.160052586712042
1000 -0.160212802302489
1001 -0.160373017880654
1002 -0.160533233447008
1003 -0.160693449001308
1004 -0.160853664543628
1005 -0.161013880074321
1006 -0.161174095593513
1007 -0.161334311100401
1008 -0.161494526594842
1009 -0.161654742078474
1010 -0.16181495755008
1011 -0.161975173009583
1012 -0.162135388457574
1013 -0.162295603894195
1014 -0.162455819319126
1015 -0.16261603473251
1016 -0.16277625013374
1017 -0.162936465523526
1018 -0.163096680901801
1019 -0.163256896268808
1020 -0.163417111624067
1021 -0.163577326968191
1022 -0.163737542300714
1023 -0.163897757622327
1024 -0.164057972931823
1025 -0.164218188229756
1026 -0.164378403516857
1027 -0.164538618792329
1028 -0.164698834056678
1029 -0.164859049309846
1030 -0.16501926455163
1031 -0.165179479782511
1032 -0.165339695001947
1033 -0.165499910210475
1034 -0.165660125407487
1035 -0.165820340593309
1036 -0.165980555768521
1037 -0.166140770932179
1038 -0.166300986084868
1039 -0.166461201226454
1040 -0.166621416357214
1041 -0.166781631476768
1042 -0.166941846585458
1043 -0.167102061683015
1044 -0.167262276770297
1045 -0.16742249184572
1046 -0.167582706911136
1047 -0.167742921965776
1048 -0.167903137009069
1049 -0.168063352041104
1050 -0.168223567063395
1051 -0.168383782073856
1052 -0.168543997073647
1053 -0.168704212063477
1054 -0.168864427042021
1055 -0.169024642010391
1056 -0.169184856967499
1057 -0.169345071914479
1058 -0.169505286850516
1059 -0.169665501775717
1060 -0.16982571669065
1061 -0.169985931594599
1062 -0.170146146488071
1063 -0.170306361371512
1064 -0.170466576244071
1065 -0.170626791106116
1066 -0.170787005957817
1067 -0.170947220798898
1068 -0.171107435629728
1069 -0.17126765044982
1070 -0.171427865259925
1071 -0.17158808005918
1072 -0.171748294848369
1073 -0.171908509626821
1074 -0.172068724394369
1075 -0.17222893915334
1076 -0.172389153900627
1077 -0.172549368638303
1078 -0.172709583365487
1079 -0.172869798081893
1080 -0.173030012788946
1081 -0.173190227485289
1082 -0.173350442171454
1083 -0.173510656847179
1084 -0.17367087151297
1085 -0.173831086168688
1086 -0.173991300814088
1087 -0.174151515449662
1088 -0.174311730074725
1089 -0.174471944689416
1090 -0.174632159294531
1091 -0.174792373889771
1092 -0.174952588474999
1093 -0.175112803049884
1094 -0.175273017614648
1095 -0.175433232169053
1096 -0.17559344671441
1097 -0.175753661249171
1098 -0.175913875774152
1099 -0.176074090289107
1100 -0.176234304794249
1101 -0.176394519289014
1102 -0.176554733774671
1103 -0.176714948249928
1104 -0.17687516271534
1105 -0.177035377170841
1106 -0.177195591616365
1107 -0.177355806052814
1108 -0.177516020478578
1109 -0.177676234894162
1110 -0.177836449301453
1111 -0.177996663697953
1112 -0.178156878084903
1113 -0.178317092461904
1114 -0.178477306829794
1115 -0.178637521187133
1116 -0.178797735535079
1117 -0.17895794987375
1118 -0.179118164202273
1119 -0.179278378520707
1120 -0.17943859283026
1121 -0.1795988071299
1122 -0.17975902141991
1123 -0.179919235700407
1124 -0.180079449971058
1125 -0.18023966423249
1126 -0.180399878483432
1127 -0.18056009272572
1128 -0.180720306958015
1129 -0.180880521181109
1130 -0.181040735394165
1131 -0.181200949598333
1132 -0.181361163792233
1133 -0.181521377976702
1134 -0.181681592151814
1135 -0.181841806317496
1136 -0.182002020473859
1137 -0.182162234620667
1138 -0.182322448757808
1139 -0.18248266288526
1140 -0.182642877004582
1141 -0.182803091113274
1142 -0.182963305213121
1143 -0.183123519303735
1144 -0.183283733383911
1145 -0.183443947455812
1146 -0.183604161518042
1147 -0.183764375570643
1148 -0.183924589613845
1149 -0.184084803647993
1150 -0.184245017672731
1151 -0.184405231687767
1152 -0.184565445694015
1153 -0.184725659690709
1154 -0.184885873678769
1155 -0.185046087656681
1156 -0.18520630162542
1157 -0.185366515585431
1158 -0.185526729536276
1159 -0.185686943477081
1160 -0.185847157408862
1161 -0.186007371332263
1162 -0.186167585245397
1163 -0.186327799150005
1164 -0.186488013044997
1165 -0.18664822693074
1166 -0.186808440807759
1167 -0.186968654675217
1168 -0.187128868533629
1169 -0.187289082383113
1170 -0.187449296223324
1171 -0.187609510054343
1172 -0.187769723876652
1173 -0.187929937689213
1174 -0.188090151492865
1175 -0.188250365287522
1176 -0.188410579073322
1177 -0.188570792849518
1178 -0.188731006617287
1179 -0.188891220375229
1180 -0.189051434124912
1181 -0.189211647864822
1182 -0.189371861595733
1183 -0.189532075318037
1184 -0.189692289031107
1185 -0.189852502735384
1186 -0.190012716430239
1187 -0.190172930116321
1188 -0.190333143793483
1189 -0.190493357461533
1190 -0.190653571120616
1191 -0.190813784770923
1192 -0.190973998412033
1193 -0.191134212044369
1194 -0.191294425667762
1195 -0.191454639282078
1196 -0.191614852887386
1197 -0.191775066483398
1198 -0.191935280071185
1199 -0.192095493649861
1200 -0.192255707219653
1201 -0.192415920780474
1202 -0.192576134332065
1203 -0.192736347875759
1204 -0.192896561409533
1205 -0.193056774934835
1206 -0.1932169884511
1207 -0.193377201958538
1208 -0.193537415457237
1209 -0.193697628947
1210 -0.193857842428394
1211 -0.194018055900105
1212 -0.194178269363717
1213 -0.194338482818227
1214 -0.194498696264326
1215 -0.194658909700866
1216 -0.19481912312892
1217 -0.19497933654825
1218 -0.195139549958801
1219 -0.195299763360505
1220 -0.195459976752885
1221 -0.19562019013759
1222 -0.195780403512758
1223 -0.19594061687919
1224 -0.196100830237234
1225 -0.196261043586523
1226 -0.196421256926849
1227 -0.196581470258825
1228 -0.196741683581029
1229 -0.196901896895464
1230 -0.197062110201052
1231 -0.197222323497741
1232 -0.19738253678546
1233 -0.197542750064533
1234 -0.197702963335536
1235 -0.197863176597569
1236 -0.198023389850502
1237 -0.198183603095226
1238 -0.198343816331051
1239 -0.198504029558051
1240 -0.19866424277641
1241 -0.198824455986437
1242 -0.198984669187578
1243 -0.199144882379975
1244 -0.19930509556374
1245 -0.199465308738859
1246 -0.199625521905498
1247 -0.199785735063086
1248 -0.199945948212578
1249 -0.200106161353093
1250 -0.200266374485371
1251 -0.200426587608803
1252 -0.200586800723335
1253 -0.200747013829191
1254 -0.200907226927199
1255 -0.201067440015923
1256 -0.201227653096311
1257 -0.201387866167928
1258 -0.201548079231158
1259 -0.201708292285987
1260 -0.201868505331432
1261 -0.202028718368881
1262 -0.202188931398141
1263 -0.202349144417874
1264 -0.20250935742966
1265 -0.202669570432603
1266 -0.20282978342749
1267 -0.202989996413303
1268 -0.203150209391001
1269 -0.203310422359619
1270 -0.203470635320346
1271 -0.203630848271977
1272 -0.203791061215128
1273 -0.203951274149989
1274 -0.204111487076086
1275 -0.204271699993829
1276 -0.204431912903373
1277 -0.204592125803485
1278 -0.204752338695971
1279 -0.204912551579942
1280 -0.205072764454933
1281 -0.205232977321774
1282 -0.205393190179673
1283 -0.205553403028694
1284 -0.205713615870287
1285 -0.205873828702889
1286 -0.206034041527097
1287 -0.206194254342598
1288 -0.206354467149738
1289 -0.206514679948775
1290 -0.206674892738926
1291 -0.206835105520663
1292 -0.206995318294289
1293 -0.207155531058952
1294 -0.207315743815284
1295 -0.207475956562956
1296 -0.20763616930208
1297 -0.207796382033149
1298 -0.207956594756098
1299 -0.208116807469803
1300 -0.208277020175802
1301 -0.208437232872654
1302 -0.208597445561466
1303 -0.208757658242024
1304 -0.208917870913631
1305 -0.209078083577199
1306 -0.209238296232044
1307 -0.209398508878828
1308 -0.209558721516899
1309 -0.209718934146818
1310 -0.209879146768049
1311 -0.210039359380729
1312 -0.2101995719855
1313 -0.210359784581681
1314 -0.210519997169127
1315 -0.210680209748196
1316 -0.210840422319135
1317 -0.21100063488164
1318 -0.21116084743543
1319 -0.211321059981072
1320 -0.211481272518786
1321 -0.211641485047586
1322 -0.211801697567263
1323 -0.211961910080059
1324 -0.212122122583271
1325 -0.212282335078653
1326 -0.212442547565569
1327 -0.212602760043971
1328 -0.212762972513796
1329 -0.212923184975932
1330 -0.213083397428987
1331 -0.21324360987407
1332 -0.213403822310979
1333 -0.213564034739227
1334 -0.213724247158977
1335 -0.213884459570616
1336 -0.214044671973222
1337 -0.214204884368558
1338 -0.214365096754542
1339 -0.214525309132679
1340 -0.214685521502581
1341 -0.214845733863545
1342 -0.21500594621676
1343 -0.21516615856139
1344 -0.215326370897693
1345 -0.215486583225245
1346 -0.215646795545166
1347 -0.215807007856102
1348 -0.215967220158932
1349 -0.216127432453521
1350 -0.216287644739837
1351 -0.216447857017768
1352 -0.216608069287578
1353 -0.216768281548193
1354 -0.216928493801236
1355 -0.217088706045376
1356 -0.217248918281488
1357 -0.21740913050938
1358 -0.217569342728763
1359 -0.217729554939917
1360 -0.217889767143003
1361 -0.218049979337116
1362 -0.218210191523213
1363 -0.218370403701077
1364 -0.21853061587039
1365 -0.218690828031591
1366 -0.218851040184652
1367 -0.219011252328915
1368 -0.219171464464902
1369 -0.219331676592495
1370 -0.21949188871236
1371 -0.219652100823553
1372 -0.219812312926196
1373 -0.219972525020562
1374 -0.220132737107334
1375 -0.220292949184836
1376 -0.220453161254677
1377 -0.220613373315781
1378 -0.220773585368636
1379 -0.220933797413517
1380 -0.221094009449791
1381 -0.221254221477987
1382 -0.221414433497702
1383 -0.221574645508804
1384 -0.22173485751173
1385 -0.221895069506643
1386 -0.222055281493152
1387 -0.222215493471536
1388 -0.222375705440815
1389 -0.222535917402309
1390 -0.222696129355488
1391 -0.222856341300578
1392 -0.223016553237385
1393 -0.223176765165617
1394 -0.223336977085608
1395 -0.223497188997038
1396 -0.223657400900618
1397 -0.223817612795691
1398 -0.223977824682557
1399 -0.224138036560782
1400 -0.224298248430933
1401 -0.224458460293052
1402 -0.224618672146153
1403 -0.224778883991566
1404 -0.224939095828599
1405 -0.225099307657148
1406 -0.225259519477429
1407 -0.225419731289324
1408 -0.225579943093199
1409 -0.225740154888756
1410 -0.225900366675811
1411 -0.226060578454635
1412 -0.226220790225283
1413 -0.226381001987401
1414 -0.226541213741378
1415 -0.226701425487103
1416 -0.226861637224377
1417 -0.227021848953259
1418 -0.227182060674002
1419 -0.22734227238635
1420 -0.22750248409036
1421 -0.227662695786725
1422 -0.227822907473713
1423 -0.227983119152688
1424 -0.228143330823542
1425 -0.228303542486834
1426 -0.228463754140626
1427 -0.228623965786769
1428 -0.228784177424257
1429 -0.228944389053572
1430 -0.22910460067455
1431 -0.229264812287432
1432 -0.229425023891767
1433 -0.229585235487706
1434 -0.229745447075717
1435 -0.229905658655622
1436 -0.230065870226789
1437 -0.230226081789457
1438 -0.230386293344109
1439 -0.230546504890808
1440 -0.230706716428516
1441 -0.230866927958808
1442 -0.231027139479879
1443 -0.231187350992951
1444 -0.231347562497784
1445 -0.231507773994467
1446 -0.23166798548246
1447 -0.231828196962092
1448 -0.231988408433965
1449 -0.232148619897071
1450 -0.232308831352305
