0 3231.83386013498
1 3231.85230761328
2 3231.90765167665
3 3231.99989721079
4 3232.12905235966
5 3232.29512852727
6 3232.49814038009
7 3232.7381058501
8 3233.01504613871
9 3233.32898572122
10 3233.67995235204
11 3234.06797707061
12 3234.49309420801
13 3234.9553413943
14 3235.45475956655
15 3235.99139297759
16 3236.56528920545
17 3237.17649916355
18 3237.82507711163
19 3238.51108066735
20 3239.23457081864
21 3239.99561193684
22 3240.79427179051
23 3241.63062156002
24 3242.50473585288
25 3243.41669271988
26 3244.36657367187
27 3245.35446369748
28 3246.38045128147
29 3247.44462842395
30 3248.54709066037
31 3249.68793708227
32 3250.86727035895
33 3252.08519675981
34 3253.34182617763
35 3254.63727215264
36 3255.97165189743
37 3257.34508632273
38 3258.75770006404
39 3260.20962150916
40 3261.70098282657
41 3263.23191999475
42 3264.80257283235
43 3266.41308502937
44 3268.06360417918
45 3269.75428181154
46 3271.48527342658
47 3273.25673852973
48 3275.06884066767
49 3276.92174746522
50 3278.81563066336
51 3280.75066615816
52 3282.72703404085
53 3284.74491863887
54 3286.80450855815
55 3288.9059967263
56 3291.04958043707
57 3293.23546139585
58 3295.46384576643
59 3297.73494421883
60 3300.04897197835
61 3302.40614887593
62 3304.80669939961
63 3307.25085274735
64 3309.73884288107
65 3312.27090858209
66 3314.84729350775
67 3317.46824624955
68 3320.13402039253
69 3322.84487457617
70 3325.60107255662
71 3328.40288327048
72 3331.25058089998
73 3334.14444493981
74 3337.0847602653
75 3340.07181720237
76 3343.10591159897
77 3346.18734489822
78 3349.31642421315
79 3352.49346240328
80 3355.71877815277
81 3358.99269605051
82 3362.3155466719
83 3365.68766666256
84 3369.10939882392
85 3372.5810922007
86 3376.10310217039
87 3379.67579053476
88 3383.2995256134
89 3386.97468233939
90 3390.70164235706
91 3394.48079412201
92 3398.31253300335
93 3402.1972613882
94 3406.13538878858
95 3410.12733195063
96 3414.17351496638
97 3418.27436938789
98 3422.43033434405
99 3426.64185665997
100 3430.90939097899
101 3435.23339988754
102 3439.61435404264
103 3444.05273230246
104 3448.54902185961
105 3453.10371837757
106 3457.71732613012
107 3462.39035814392
108 3467.12333634433
109 3471.91679170446
110 3476.77126439766
111 3481.68730395338
112 3486.66546941662
113 3491.70632951094
114 3496.81046280523
115 3501.97845788419
116 3507.21091352274
117 3512.50843886445
118 3517.87165360388
119 3523.30118817328
120 3528.79768393342
121 3534.3617933689
122 3539.99418028781
123 3545.69552002616
124 3551.46649965685
125 3557.30781820359
126 3563.22018685968
127 3569.20432921189
128 3575.26098146961
129 3581.39089269913
130 3587.59482506364
131 3593.87355406862
132 3600.22786881304
133 3606.65857224652
134 3613.16648143239
135 3619.75242781705
136 3626.41725750566
137 3633.16183154428
138 3639.98702620876
139 3646.89373330045
140 3653.88286044898
141 3660.95533142217
142 3668.11208644342
143 3675.35408251666
144 3682.68229375906
145 3690.09771174181
146 3697.60134583902
147 3705.19422358508
148 3712.87739104067
149 3720.65191316757
150 3728.51887421268
151 3736.47937810124
152 3744.5345488398
153 3752.68553092885
154 3760.93348978571
155 3769.27961217771
156 3777.72510666599
157 3786.27120406034
158 3794.91915788508
159 3803.67024485668
160 3812.52576537302
161 3821.48704401487
162 3830.55543005984
163 3839.73229800911
164 3849.01904812733
165 3858.41710699596
166 3867.92792808051
167 3877.55299231199
168 3887.29380868297
169 3897.15191485861
170 3907.12887780314
171 3917.22629442205
172 3927.44579222064
173 3937.78902997911
174 3948.25769844481
175 3958.85352104206
176 3969.57825459994
177 3980.43369009863
178 3991.42165343471
179 4002.54400620599
180 4013.80264651625
181 4025.19950980061
182 4036.73656967187
183 4048.41583878851
184 4060.23936974484
185 4072.20925598387
186 4084.3276327335
187 4096.59667796661
188 4109.01861338569
189 4121.5957054326
190 4134.33026632401
191 4147.22465511334
192 4160.28127877968
193 4173.50259334437
194 4186.89110501601
195 4200.44937136446
196 4214.18000252456
197 4228.08566243023
198 4242.16907007968
199 4256.4330008324
200 4270.8802877386
201 4285.51382290188
202 4300.33655887572
203 4315.35151009458
204 4330.56175434024
205 4345.97043424408
206 4361.580758826
207 4377.39600507057
208 4393.4195195411
209 4409.6547200323
210 4426.10509726193
211 4442.77421660231
212 4459.66571985189
213 4476.78332704764
214 4494.13083831854
215 4511.71213578059
216 4529.53118547367
217 4547.59203934061
218 4565.89883724835
219 4584.45580905166
220 4603.26727669906
221 4622.33765638099
222 4641.67146071991
223 4661.27330100189
224 4681.14788944922
225 4701.30004153306
226 4721.73467832549
227 4742.45682888944
228 4763.47163270536
229 4784.78434213273
230 4806.40032490442
231 4828.32506665167
232 4850.56417345682
233 4873.12337443064
234 4896.00852431082
235 4919.22560607725
236 4942.78073357965
237 4966.68015417207
238 4990.93025134837
239 5015.537547372
240 5040.50870589229
241 5065.85053453903
242 5091.56998748567
243 5117.67416797064
244 5144.17033076482
245 5171.06588457214
246 5198.3683943485
247 5226.08558352291
248 5254.22533610241
249 5282.79569864106
250 5311.80488205053
251 5341.26126322763
252 5371.17338647157
253 5401.54996466069
254 5432.3998801553
255 5463.73218538965
256 5495.55610311232
257 5527.88102623002
258 5560.71651720494
259 5594.07230695096
260 5627.95829316806
261 5662.38453804818
262 5697.36126527893
263 5732.89885626394
264 5769.00784547028
265 5805.69891480443
266 5842.98288690791
267 5880.87071725299
268 5919.37348490631
269 5958.50238181509
270 5998.26870045581
271 6038.68381966884
272 6079.75918848492
273 6121.50630772939
274 6163.93670916863
275 6207.06193193947
276 6250.89349597581
277 6295.44287211831
278 6340.72144856106
279 6386.7404932546
280 6433.51111184619
281 6481.04420069655
282 6529.35039446595
283 6578.44000771219
284 6628.32296988739
285 6679.00875305977
286 6730.50629162019
287 6782.82389316008
288 6835.96913962819
289 6889.9487777861
290 6944.76859788826
291 7000.43329940841
292 7056.94634252257
293 7114.30978393643
294 7172.52409551363
295 7231.58796401837
296 7291.49807013299
297 7352.24884474592
298 7413.83220032984
299 7476.23723504227
300 7539.44990698243
301 7603.45267582999
302 7668.22410887327
303 7733.73844820959
304 7799.96513567078
305 7866.86829179533
306 7934.40614494052
307 8002.53040640891
308 8071.18558726071
309 8140.30825230788
310 8209.82620664796
311 8279.65761001211
312 8349.71001419059
313 8419.87931888307
314 8490.04864152866
315 8560.08709703472
316 8629.84848388446
317 8699.16987390837
318 8767.87010410941
319 8835.74817040131
320 8902.58152502787
321 8968.12428186312
322 9032.10533684328
323 9094.22641455517
324 9154.16005661531
325 9211.54757303768
326 9265.99698442487
327 9317.08099064201
328 9364.33501074523
329 9407.25534941017
330 9445.29755697277
331 9477.87506342116
332 9504.35818114218
333 9524.07358668835
334 9536.30440789052
335 9540.29105870703
336 9535.23297943812
337 9520.29145323892
338 9494.5936798166
339 9457.23829205394
340 9407.30249899714
341 9343.85102684034
342 9265.94700570557
343 9172.66491160681
344 9063.10561765166
345 8936.41353445076
346 8791.79572595715
347 8628.54277399237
348 8446.05103481657
349 8243.84578881715
350 8021.60463686563
351 7779.18035394091
352 7516.62228451173
353 7234.19526898206
354 6932.39504099637
355 6611.95904546546
356 6273.8717079301
357 5919.363343645
358 5549.90212921575
359 5167.17886249105
360 4773.08459108005
361 4369.68157211295
362 3959.16840584676
363 3543.84053105705
364 3126.04754970399
365 2708.14903614797
366 2292.47056482578
367 1881.26165327793
368 1476.65716990872
369 1080.64351381969
370 695.030561914116
371 321.430025746898
372 -38.7595018517629
373 -384.360873934916
374 -714.420455177612
375 -1028.20453336849
376 -1325.19085841072
377 -1605.05619571666
378 -1867.66082098079
379 -2113.03086727895
380 -2341.33937486321
381 -2552.88680150473
382 -2748.08163904934
383 -2927.42166090353
384 -3091.47620444036
385 -3240.86977858649
386 -3376.26718475377
387 -3498.36025149789
388 -3607.85621091069
389 -3705.46768763101
390 -3791.90422847376
391 -3867.86527046423
392 -3934.034425678
393 -3991.07495080482
394 -4039.62626592301
395 -4080.30138889601
396 -4113.68515760493
397 -4140.33312066393
398 -4160.77098731508
399 -4175.49453806765
400 -4184.96990872754
401 -4189.63417131365
402 -4189.89614567282
403 -4186.13738518573
404 -4178.71328869013
405 -4167.95429858591
406 -4154.16715202684
407 -4137.63615817604
408 -4118.62447975988
409 -4097.37540166062
410 -4074.11357311541
411 -4049.04621330968
412 -4022.36427283956
413 -3994.2435457381
414 -3964.84572857752
415 -3934.31942463217
416 -3902.80109226572
417 -3870.4159376376
418 -3837.27875254764
419 -3803.49469878956
420 -3769.16004079314
421 -3734.36282862752
422 -3699.18353363625
423 -3663.69563909581
424 -3627.96618835081
425 -3592.05629289165
426 -3556.02160281647
427 -3519.91274206684
428 -3483.77571075305
429 -3447.65225679651
430 -3411.58021901746
431 -3375.59384369092
432 -3339.72407648448
433 -3303.99883158127
434 -3268.44323968204
435 -3233.07987647227
436 -3197.92897303638
437 -3163.00860960003
438 -3128.33489388556
439 -3093.9221252742
440 -3059.78294588188
441 -3025.92847957427
442 -2992.36845986971
443 -2959.11134760713
444 -2926.16443918917
445 -2893.53396614805
446 -2861.22518672389
447 -2829.24247009126
448 -2797.58937381963
449 -2766.26871510751
450 -2735.28263628675
451 -2704.63266505466
452 -2674.31976985444
453 -2644.34441079139
454 -2614.70658644099
455 -2585.4058768765
456 -2556.44148321754
457 -2527.81226397678
458 -2499.51676845972
459 -2471.55326745195
460 -2443.91978140959
461 -2416.61410635128
462 -2389.63383763398
463 -2362.9763917807
464 -2336.63902651415
465 -2310.61885913868
466 -2284.91288340098
467 -2259.51798494993
468 -2234.43095550615
469 -2209.64850584326
470 -2185.16727767455
471 -2160.9838545314
472 -2137.09477171299
473 -2113.49652538052
474 -2090.18558086336
475 -2067.15838023925
476 -2044.41134924588
477 -2021.94090357643
478 -1999.74345460788
479 -1977.81541460674
480 -1956.15320145357
481 -1934.75324292438
482 -1913.61198056402
483 -1892.72587318391
484 -1872.09140001402
485 -1851.70506353668
486 -1831.56339202751
487 -1811.66294182712
488 -1792.00029936502
489 -1772.57208295583
490 -1753.37494438622
491 -1734.40557030949
492 -1715.66068346366
493 -1697.13704372732
494 -1678.83144902686
495 -1660.74073610733
496 -1642.86178117821
497 -1625.19150044488
498 -1607.72685053521
499 -1590.46482883049
500 -1573.40247370879
501 -1556.53686470853
502 -1539.8651226192
503 -1523.38440950583
504 -1507.09192867316
505 -1490.9849245751
506 -1475.0606826745
507 -1459.3165292581
508 -1443.74983121089
509 -1428.35799575389
510 -1413.13847014914
511 -1398.08874137525
512 -1383.20633577661
513 -1368.48881868924
514 -1353.93379404589
515 -1339.53890396286
516 -1325.30182831079
517 -1311.22028427145
518 -1297.29202588257
519 -1283.51484357227
520 -1269.88656368488
521 -1256.40504799949
522 -1243.06819324264
523 -1229.87393059642
524 -1216.82022520302
525 -1203.90507566687
526 -1191.12651355525
527 -1178.4826028982
528 -1165.97143968865
529 -1153.59115138333
530 -1141.33989640525
531 -1129.21586364814
532 -1117.21727198367
533 -1105.34236977165
534 -1093.58943437378
535 -1081.95677167141
536 -1070.44271558743
537 -1059.04562761283
538 -1047.76389633812
539 -1036.59593698979
540 -1025.54019097212
541 -1014.59512541449
542 -1003.75923272433
543 -993.031030145911
544 -982.409059324992
545 -971.89188587955
546 -961.478098976562
547 -951.166310914983
548 -940.9551567149
549 -930.843293712987
550 -920.829401164158
551 -910.912179849596
552 -901.090351690979
553 -891.362659371045
554 -881.727865960393
555 -872.184754550522
556 -862.732127893081
557 -853.368808045284
558 -844.093636021449
559 -834.905471450609
560 -825.80319224015
561 -816.785694245399
562 -807.851890945141
563 -799.000713122941
564 -790.231108554251
565 -781.542041699227
566 -772.932493401138
567 -764.401460590374
568 -755.947955993886
569 -747.571007850059
570 -739.269659628874
571 -731.042969757345
572 -722.890011350088
573 -714.809871944986
574 -706.801653243842
575 -698.864470857967
576 -690.997454058588
577 -683.199745532018
578 -675.470501139501
579 -667.80888968166
580 -660.21409266743
581 -652.685304087469
582 -645.221730191872
583 -637.822589272219
584 -630.487111447766
585 -623.214538455792
586 -616.004123445979
587 -608.855130778762
588 -601.766835827574
589 -594.738524784911
590 -587.769494472143
591 -580.859052153009
592 -574.0065153507
593 -567.211211668505
594 -560.472478613894
595 -553.789663426016
596 -547.16212290653
597 -540.589223253701
598 -534.070339899689
599 -527.604857350986
600 -521.192169031934
601 -514.831677131246
602 -508.522792451482
603 -502.264934261433
604 -496.057530151331
605 -489.900015890844
606 -483.791835289792
607 -477.732440061536
608 -471.72128968898
609 -465.757851293132
610 -459.841599504189
611 -453.972016335057
612 -448.148591057317
613 -442.370820079504
614 -436.638206827736
615 -430.950261628607
616 -425.306501594271
617 -419.706450509735
618 -414.149638722245
619 -408.635603032801
620 -403.16388658968
621 -397.734038783979
622 -392.345615147111
623 -386.998177250234
624 -381.69129260555
625 -376.424534569461
626 -371.197482247509
627 -366.009720401118
628 -360.860839356039
629 -355.750434912518
630 -350.678108257108
631 -345.643465876127
632 -340.646119470703
633 -335.685685873381
634 -330.761786966293
635 -325.874049600775
636 -321.022105518509
637 -316.205591274076
638 -311.424148158937
639 -306.677422126789
640 -301.965063720277
641 -297.286727999049
642 -292.642074469102
643 -288.030767013393
644 -283.452473823728
645 -278.906867333868
646 -274.393624153809
647 -269.912425005282
648 -265.462954658382
649 -261.04490186932
650 -256.657959319314
651 -252.301823554536
652 -247.976194927135
653 -243.680777537308
654 -239.415279176396
655 -235.179411270965
656 -230.972888827893
657 -226.795430380405
658 -222.646757935058
659 -218.526596919657
660 -214.434676132068
661 -210.370727689934
662 -206.334486981258
663 -202.325692615833
664 -198.344086377536
665 -194.389413177413
666 -190.461421007601
667 -186.559860896016
668 -182.684486861847
669 -178.835055871771
670 -175.011327796954
671 -171.213065370769
672 -167.440034147203
673 -163.692002460042
674 -159.968741382659
675 -156.270024688537
676 -152.595628812454
677 -148.945332812289
678 -145.318918331493
679 -141.716169562181
680 -138.136873208844
681 -134.580818452666
682 -131.047796916406
683 -127.537602629909
684 -124.050031996158
685 -120.584883757882
686 -117.141958964739
687 -113.721060941006
688 -110.321995253831
689 -106.944569681974
690 -103.588594185085
691 -100.253880873466
692 -96.9402439783222
693 -93.6474998225082
694 -90.3754667917405
695 -87.1239653062698
696 -83.8928177930164
697 -80.6818486581507
698 -77.4908842601203
699 -74.319752883091
700 -71.1682847108232
701 -68.0363118009751
702 -64.9236680597922
703 -61.8301892172154
704 -58.7557128023579
705 -55.7000781194166
706 -52.6631262239116
707 -49.6446998993212
708 -46.6446436340955
709 -43.6628035990099
710 -40.6990276248711
711 -37.7531651805899
712 -34.8250673515747
713 -31.9145868184805
714 -29.0215778362553
715 -26.1458962135431
716 -23.2873992923925
717 -20.4459459282513
718 -17.6213964703313
719 -14.8136127421873
720 -12.0224580226793
721 -9.24779702716421
722 -6.48949588897779
723 -3.74742214125695
724 -1.02144469894893
725 1.68856615883897
726 4.38273880625798
727 7.06120028785733
728 9.72407633548471
729 12.371491384912
730 15.003568592233
731 17.6204298500073
732 20.2221958031532
733 22.8089858646358
734 25.380918230879
735 27.9381098970046
736 30.4806766717804
737 33.0087331924187
738 35.5223929390911
739 38.0217682492973
740 40.5069703319544
741 42.9781092813395
742 45.4352940907962
743 47.8786326662558
744 50.3082318395502
745 52.7241973815514
746 55.1266340150992
747 57.5156454277616
748 59.8913342844007
749 62.2538022395704
750 64.6031499497046
751 66.939477085186
752 69.2628823421957
753 71.5734634544051
754 73.8713172045201
755 76.1565394356444
756 78.429225062489
757 80.6894680824131
758 82.9373615863341
759 85.1729977694573
760 87.396467941871
761 89.6078625389906
762 91.8072711318471
763 93.9947824372625
764 96.1704843278395
765 98.3344638418475
766 100.486807192957
767 102.627599779846
768 104.75692619567
769 106.874870237399
770 108.981514915041
771 111.076942460715
772 113.161234337615
773 115.234471248868
774 117.296733146232
775 119.348099238708
776 121.388648001026
777 123.418457182016
778 125.437603812852
779 127.446164215233
780 129.444214009368
781 131.431828121955
782 133.409080793974
783 135.376045588412
784 137.332795397884
785 139.279402452153
786 141.215938325518
787 143.142473944164
788 145.059079593356
789 146.96582492458
790 148.862778962564
791 150.750010112216
792 152.627586165483
793 154.495574308094
794 156.354041126236
795 158.203052613136
796 160.042674175562
797 161.87297064022
798 163.694006260111
799 165.505844720748
800 167.30854914634
801 169.102182105878
802 170.886805619141
803 172.66248116263
804 174.429269675424
805 176.187231564955
806 177.936426712727
807 179.676914479949
808 181.408753713076
809 183.132002749337
810 184.846719422135
811 186.552961066407
812 188.250784523912
813 189.940246148447
814 191.621401811014
815 193.294306904897
816 194.959016350698
817 196.615584601294
818 198.264065646744
819 199.904513019129
820 201.536979797334
821 203.16151861177
822 204.778181649028
823 206.387020656504
824 207.988086946932
825 209.581431402885
826 211.167104481202
827 212.745156217393
828 214.315636229948
829 215.87859372463
830 217.434077498684
831 218.982135945025
832 220.522817056359
833 222.056168429248
834 223.582237268145
835 225.101070389354
836 226.612714224981
837 228.117214826792
838 229.614617870061
839 231.104968657346
840 232.588312122247
841 234.064692833088
842 235.534154996583
843 236.996742461445
844 238.45249872194
845 239.901466921438
846 241.34368985587
847 242.779209977186
848 244.208069396759
849 245.630309888731
850 247.045972893363
851 248.455099520288
852 249.857730551779
853 251.253906445948
854 252.643667339909
855 254.027053052929
856 255.404103089513
857 256.774856642458
858 258.139352595904
859 259.49762952829
860 260.849725715342
861 262.195679132982
862 263.535527460204
863 264.869308081955
864 266.197058091942
865 267.518814295424
866 268.834613211974
867 270.14449107821
868 271.448483850476
869 272.746627207531
870 274.038956553169
871 275.325507018821
872 276.60631346615
873 277.881410489586
874 279.150832418841
875 280.414613321414
876 281.672787005041
877 282.925387020135
878 284.172446662197
879 285.41399897419
880 286.650076748906
881 287.88071253128
882 289.105938620703
883 290.325787073292
884 291.540289704159
885 292.74947808961
886 293.953383569377
887 295.152037248776
888 296.345470000878
889 297.533712468624
890 298.716795066944
891 299.89474798484
892 301.067601187449
893 302.235384418075
894 303.39812720022
895 304.55585883957
896 305.708608425971
897 306.856404835389
898 307.999276731825
899 309.137252569249
900 310.27036059347
901 311.398628844024
902 312.522085156008
903 313.640757161917
904 314.754672293464
905 315.86385778336
906 316.968340667091
907 318.068147784665
908 319.163305782366
909 320.253841114446
910 321.339780044847
911 322.421148648863
912 323.497972814816
913 324.570278245697
914 325.638090460795
915 326.7014347973
916 327.760336411921
917 328.814820282433
918 329.864911209266
919 330.910633817029
920 331.952012556049
921 332.989071703893
922 334.021835366849
923 335.050327481411
924 336.074571815758
925 337.094591971199
926 338.110411383598
927 339.122053324819
928 340.12954090412
929 341.132897069535
930 342.132144609281
931 343.127306153098
932 344.118404173614
933 345.105460987673
934 346.088498757672
935 347.067539492846
936 348.042605050595
937 349.013717137745
938 349.98089731184
939 350.944166982369
940 351.903547412048
941 352.859059718029
942 353.810724873123
943 354.758563707014
944 355.702596907462
945 356.64284502146
946 357.579328456446
947 358.51206748143
948 359.441082228163
949 360.366392692272
950 361.28801873437
951 362.205980081203
952 363.12029632672
953 364.030986933202
954 364.938071232304
955 365.841568426172
956 366.741497588474
957 367.637877665458
958 368.530727477
959 369.420065717625
960 370.305910957543
961 371.188281643646
962 372.067196100511
963 372.942672531398
964 373.814729019235
965 374.683383527571
966 375.548653901569
967 376.410557868927
968 377.269113040848
969 378.124336912968
970 378.976246866278
971 379.824860168045
972 380.670193972721
973 381.512265322852
974 382.351091149942
975 383.186688275379
976 384.01907341127
977 384.848263161328
978 385.674274021729
979 386.497122381961
980 387.31682452566
981 388.13339663145
982 388.946854773776
983 389.757214923702
984 390.564492949754
985 391.368704618688
986 392.169865596316
987 392.967991448266
988 393.763097640795
989 394.555199541537
990 395.344312420284
991 396.130451449731
992 396.913631706255
993 397.693868170626
994 398.471175728779
995 399.245569172514
996 400.017063200255
997 400.785672417737
998 401.551411338738
999 402.314294385775
1000 403.074335890813
1001 403.831550095941
1002 404.58595115407
1003 405.33755312962
1004 406.086369999168
1005 406.832415652143
1006 407.575703891477
1007 408.316248434254
1008 409.054062912365
1009 409.789160873162
1010 410.521555780072
1011 411.251261013253
1012 411.978289870211
1013 412.702655566419
1014 413.424371235931
1015 414.143449931996
1016 414.859904627668
1017 415.57374821639
1018 416.284993512596
1019 416.993653252306
1020 417.699740093699
1021 418.403266617694
1022 419.104245328522
1023 419.802688654292
1024 420.498608947564
1025 421.192018485897
1026 421.882929472402
1027 422.571354036289
1028 423.257304233426
1029 423.940792046847
1030 424.621829387322
1031 425.300428093855
1032 425.976599934222
1033 426.650356605495
1034 427.321709734552
1035 427.990670878581
1036 428.657251525601
1037 429.321463094953
1038 429.983316937805
1039 430.642824337632
1040 431.299996510722
1041 431.954844606657
1042 432.607379708783
1043 433.257612834694
1044 433.905554936709
1045 434.551216902332
1046 435.194609554721
1047 435.835743653151
1048 436.474629893459
1049 437.111278908515
1050 437.745701268652
1051 438.377907482125
1052 439.007907995547
1053 439.635713194324
1054 440.261333403086
1055 440.884778886132
1056 441.506059847841
1057 442.125186433104
1058 442.742168727735
1059 443.357016758897
1060 443.969740495506
1061 444.580349848637
1062 445.188854671948
1063 445.79526476206
1064 446.399589858973
1065 447.001839646441
1066 447.602023752385
1067 448.200151749276
1068 448.796233154511
1069 449.390277430805
1070 449.982293986571
1071 450.572292176283
1072 451.160281300874
1073 451.746270608077
1074 452.330269292809
1075 452.912286497537
1076 453.492331312626
1077 454.070412776712
1078 454.646539877042
1079 455.220721549833
1080 455.792966680629
1081 456.363284104637
1082 456.931682607072
1083 457.498170923496
1084 458.062757740169
1085 458.625451694367
1086 459.186261374723
1087 459.745195321556
1088 460.302262027204
1089 460.857469936338
1090 461.41082744629
1091 461.962342907368
1092 462.51202462318
1093 463.059880850947
1094 463.605919801803
1095 464.150149641123
1096 464.692578488817
1097 465.233214419633
1098 465.772065463472
1099 466.309139605668
1100 466.844444787312
1101 467.377988905513
1102 467.909779813722
1103 468.439825322001
1104 468.968133197323
1105 469.494711163851
1106 470.019566903221
1107 470.542708054834
1108 471.064142216118
1109 471.583876942808
1110 472.101919749248
1111 472.618278108616
1112 473.132959453234
1113 473.645971174817
1114 474.157320624744
1115 474.66701511432
1116 475.175061915048
1117 475.681468258868
1118 476.186241338437
1119 476.689388307369
1120 477.1909162805
1121 477.690832334132
1122 478.189143506288
1123 478.68585679696
1124 479.180979168348
1125 479.674517545119
1126 480.16647881463
1127 480.656869827188
1128 481.145697396268
1129 481.632968298777
1130 482.118689275265
1131 482.602867030162
1132 483.085508232023
1133 483.566619513752
1134 484.046207472811
1135 484.524278671482
1136 485.000839637063
1137 485.475896862097
1138 485.949456804605
1139 486.421525888286
1140 486.892110502758
1141 487.361217003753
1142 487.828851713344
1143 488.295020920154
1144 488.759730879571
1145 489.222987813946
1146 489.684797912824
1147 490.145167333126
1148 490.604102199369
1149 491.061608603863
1150 491.517692606925
1151 491.972360237059
1152 492.425617491175
1153 492.877470334767
1154 493.327924702137
1155 493.776986496561
1156 494.224661590502
1157 494.670955825784
1158 495.11587501381
1159 495.559424935715
1160 496.001611342589
1161 496.442439955631
1162 496.881916466371
1163 497.320046536815
1164 497.756835799652
1165 498.192289858424
1166 498.626414287716
1167 499.059214633324
1168 499.490696412435
1169 499.920865113807
1170 500.349726197929
1171 500.777285097224
1172 501.203547216187
1173 501.628517931579
1174 502.052202592585
1175 502.47460652098
1176 502.895735011313
1177 503.315593331054
1178 503.734186720765
1179 504.151520394272
1180 504.567599538815
1181 504.982429315208
1182 505.396014858016
1183 505.808361275695
1184 506.21947365076
1185 506.629357039942
1186 507.038016474335
1187 507.44545695956
1188 507.851683475908
1189 508.256700978509
1190 508.660514397462
1191 509.063128638
1192 509.464548580635
1193 509.864779081307
1194 510.26382497152
1195 510.661691058511
1196 511.058382125369
1197 511.453902931193
1198 511.848258211246
1199 512.241452677065
1200 512.633491016621
1201 513.024377894476
1202 513.414117951889
1203 513.802715806969
1204 514.190176054814
1205 514.576503267651
1206 514.961701994958
1207 515.345776763605
1208 515.728732077986
1209 516.110572420157
1210 516.491302249961
1211 516.870926005151
1212 517.249448101549
1213 517.626872933133
1214 518.00320487219
1215 518.378448269456
1216 518.752607454207
1217 519.1256867344
1218 519.497690396814
1219 519.868622707148
1220 520.238487910158
1221 520.607290229774
1222 520.975033869223
1223 521.341723011144
1224 521.70736181772
1225 522.071954430775
1226 522.435504971919
1227 522.798017542638
1228 523.159496224428
1229 523.519945078912
1230 523.879368147931
1231 524.237769453686
1232 524.595152998836
1233 524.951522766611
1234 525.306882720933
1235 525.66123680651
1236 526.014588948958
1237 526.366943054914
1238 526.718303012133
1239 527.068672689598
1240 527.418055937639
1241 527.766456588017
1242 528.11387845406
1243 528.460325330738
1244 528.805800994782
1245 529.150309204797
1246 529.493853701333
1247 529.836438207027
1248 530.178066426678
1249 530.518742047353
1250 530.858468738491
1251 531.197250152005
1252 531.535089922371
1253 531.871991666735
1254 532.207958985008
1255 532.542995459957
1256 532.877104657315
1257 533.210290125868
1258 533.542555397537
1259 533.873903987499
1260 534.204339394276
1261 534.533865099791
1262 534.862484569519
1263 535.190201252528
1264 535.517018581607
1265 535.842939973333
1266 536.167968828166
1267 536.492108530562
1268 536.815362449015
1269 537.137733936193
1270 537.459226328997
1271 537.779842948661
1272 538.099587100828
1273 538.418462075651
1274 538.736471147865
1275 539.053617576883
1276 539.36990460687
1277 539.68533546683
1278 539.999913370703
1279 540.313641517423
1280 540.626523091022
1281 540.938561260708
1282 541.249759180921
1283 541.560119991468
1284 541.869646817541
1285 542.178342769841
1286 542.486210944636
1287 542.793254423856
1288 543.099476275147
1289 543.404879551976
1290 543.709467293689
1291 544.013242525594
1292 544.316208259041
1293 544.618367491495
1294 544.919723206606
1295 545.220278374295
1296 545.520035950816
1297 545.818998878845
1298 546.117170087538
1299 546.41455249261
1300 546.711148996408
1301 547.006962487991
1302 547.301995843186
1303 547.596251924675
1304 547.889733582049
1305 548.182443651896
1306 548.474384957856
1307 548.765560310702
1308 549.0559725084
1309 549.345624336184
1310 549.634518566624
1311 549.922657959678
1312 550.210045262793
1313 550.496683210938
1314 550.782574526688
1315 551.06772192029
1316 551.352128089717
1317 551.635795720746
1318 551.918727487021
1319 552.200926050112
1320 552.482394059579
1321 552.763134153038
1322 553.043148956236
1323 553.322441083092
1324 553.601013135768
1325 553.878867704745
1326 554.15600736886
1327 554.432434695392
1328 554.708152240106
1329 554.983162547319
1330 555.257468149962
1331 555.531071569633
1332 555.803975316679
1333 556.076181890217
1334 556.347693778227
1335 556.61851345759
1336 556.888643394162
1337 557.158086042818
1338 557.426843847513
1339 557.694919241347
1340 557.962314646614
1341 558.229032474856
1342 558.495075126926
1343 558.760444993041
1344 559.025144452838
1345 559.289175875423
1346 559.55254161944
1347 559.81524403311
1348 560.077285454292
1349 560.338668210539
1350 560.599394619144
1351 560.859466987201
1352 561.118887611663
1353 561.377658779363
1354 561.635782767113
1355 561.893261841717
1356 562.150098260047
1357 562.406294269081
1358 562.661852105954
1359 562.916773998018
1360 563.171062162884
1361 563.424718808477
1362 563.677746133081
1363 563.930146325387
1364 564.18192156456
1365 564.433074020258
1366 564.68360585271
1367 564.933519212737
1368 565.182816241824
1369 565.431499072155
1370 565.679569826664
1371 565.927030619079
1372 566.173883553977
1373 566.420130726812
1374 566.665774223983
1375 566.910816122877
1376 567.155258491895
1377 567.399103390524
1378 567.642352869359
1379 567.88500897017
1380 568.127073725926
1381 568.368549160855
1382 568.609437290482
1383 568.849740121664
1384 569.089459652658
1385 569.328597873139
1386 569.567156764259
1387 569.805138298677
1388 570.042544440616
1389 570.279377145905
1390 570.515638362
1391 570.75133002805
1392 570.98645407493
1393 571.221012425281
1394 571.455006993549
1395 571.688439686039
1396 571.921312400936
1397 572.153627028361
1398 572.385385450405
1399 572.616589541173
1400 572.847241166819
1401 573.077342185587
1402 573.306894447854
1403 573.535899796164
1404 573.76436006527
1405 573.992277082177
1406 574.219652666166
1407 574.44648862885
1408 574.672786774209
1409 574.898548898602
1410 575.123776790849
1411 575.348472232231
1412 575.572636996552
1413 575.796272850154
1414 576.019381551971
1415 576.241964853563
1416 576.464024499143
1417 576.685562225622
1418 576.906579762642
1419 577.127078832616
1420 577.347061150751
1421 577.566528425104
1422 577.785482356592
1423 578.003924639051
1424 578.221856959255
1425 578.439280996958
1426 578.656198424927
1427 578.872610908968
1428 579.088520107974
1429 579.303927673955
1430 579.518835252066
1431 579.733244480634
1432 579.947156991215
1433 580.160574408601
1434 580.373498350878
1435 580.585930429429
1436 580.797872248995
1437 581.009325407688
1438 581.220291497039
1439 581.430772102009
1440 581.640768801046
1441 581.85028316609
1442 582.059316762631
1443 582.267871149723
1444 582.475947880012
1445 582.683548499794
1446 582.890674548999
1447 583.097327561276
1448 583.303509063978
1449 583.509220578219
1450 583.714463618895
