0 47.8105464033169
1 47.8105464028953
2 47.8105464016459
3 47.8105463995697
4 47.8105463966659
5 47.8105463929352
6 47.8105463883772
7 47.8105463829915
8 47.8105463767787
9 47.810546369738
10 47.8105463618706
11 47.8105463531749
12 47.8105463436521
13 47.8105463333013
14 47.8105463221222
15 47.8105463101156
16 47.8105462972811
17 47.8105462836176
18 47.8105462691266
19 47.8105462538066
20 47.8105462376587
21 47.8105462206815
22 47.8105462028757
23 47.8105461842406
24 47.8105461647761
25 47.8105461444825
26 47.8105461233593
27 47.8105461014058
28 47.8105460786227
29 47.8105460550096
30 47.8105460305659
31 47.8105460052914
32 47.8105459791862
33 47.8105459522495
34 47.8105459244812
35 47.8105458958822
36 47.8105458664505
37 47.8105458361862
38 47.81054580509
39 47.8105457731618
40 47.8105457403995
41 47.810545706804
42 47.8105456723745
43 47.8105456371116
44 47.8105456010136
45 47.8105455640813
46 47.8105455263137
47 47.8105454877103
48 47.8105454482718
49 47.8105454079966
50 47.810545366885
51 47.8105453249362
52 47.8105452821502
53 47.810545238526
54 47.8105451940636
55 47.8105451487622
56 47.810545102622
57 47.8105450556418
58 47.8105450078217
59 47.8105449591614
60 47.8105449096593
61 47.8105448593156
62 47.8105448081299
63 47.8105447561009
64 47.8105447032298
65 47.8105446495146
66 47.8105445949546
67 47.8105445395498
68 47.8105444832995
69 47.8105444262033
70 47.8105443682601
71 47.8105443094695
72 47.8105442498311
73 47.8105441893443
74 47.810544128008
75 47.8105440658213
76 47.8105440027848
77 47.8105439388961
78 47.8105438741557
79 47.8105438085624
80 47.8105437421157
81 47.8105436748141
82 47.810543606658
83 47.8105435376459
84 47.8105434677769
85 47.8105433970508
86 47.8105433254661
87 47.8105432530227
88 47.8105431797179
89 47.8105431055533
90 47.8105430305264
91 47.8105429546372
92 47.8105428778837
93 47.8105428002663
94 47.8105427217822
95 47.8105426424321
96 47.8105425622145
97 47.8105424811281
98 47.8105423991725
99 47.8105423163454
100 47.8105422326471
101 47.8105421480755
102 47.8105420626299
103 47.8105419763094
104 47.8105418891123
105 47.8105418010379
106 47.8105417120846
107 47.8105416222513
108 47.8105415315371
109 47.8105414399398
110 47.810541347459
111 47.8105412540935
112 47.8105411598414
113 47.8105410647008
114 47.8105409686715
115 47.8105408717514
116 47.8105407739396
117 47.8105406752338
118 47.8105405756329
119 47.8105404751351
120 47.8105403737397
121 47.8105402714448
122 47.8105401682474
123 47.8105400641479
124 47.8105399591431
125 47.8105398532323
126 47.8105397464134
127 47.8105396386841
128 47.8105395300434
129 47.8105394204892
130 47.8105393100192
131 47.8105391986318
132 47.8105390863251
133 47.8105389730976
134 47.8105388589455
135 47.8105387438691
136 47.8105386278647
137 47.8105385109305
138 47.8105383930646
139 47.8105382742651
140 47.8105381545285
141 47.8105380338534
142 47.8105379122372
143 47.8105377896779
144 47.8105376661722
145 47.8105375417184
146 47.8105374163135
147 47.8105372899551
148 47.8105371626404
149 47.8105370343666
150 47.810536905131
151 47.8105367749322
152 47.8105366437645
153 47.8105365116275
154 47.8105363785169
155 47.8105362444296
156 47.8105361093633
157 47.8105359733134
158 47.8105358362788
159 47.8105356982541
160 47.8105355592377
161 47.810535419225
162 47.8105352782125
163 47.8105351361969
164 47.8105349931741
165 47.8105348491416
166 47.8105347040948
167 47.8105345580293
168 47.8105344109424
169 47.8105342628284
170 47.8105341136839
171 47.8105339635056
172 47.8105338122878
173 47.8105336600264
174 47.8105335067174
175 47.8105333523561
176 47.8105331969371
177 47.8105330404559
178 47.8105328829074
179 47.8105327242871
180 47.8105325645896
181 47.8105324038097
182 47.810532241942
183 47.8105320789812
184 47.8105319149206
185 47.8105317497553
186 47.8105315834799
187 47.8105314160882
188 47.8105312475726
189 47.8105310779284
190 47.8105309071485
191 47.8105307352264
192 47.8105305621558
193 47.81053038793
194 47.8105302125393
195 47.8105300359794
196 47.8105298582432
197 47.8105296793202
198 47.8105294992045
199 47.810529317889
200 47.8105291353646
201 47.8105289516215
202 47.810528766654
203 47.8105285804506
204 47.8105283930045
205 47.8105282043054
206 47.8105280143438
207 47.8105278231113
208 47.8105276305957
209 47.8105274367896
210 47.8105272416801
211 47.8105270452588
212 47.8105268475128
213 47.810526648432
214 47.8105264480053
215 47.8105262462185
216 47.8105260430625
217 47.8105258385234
218 47.8105256325895
219 47.8105254252462
220 47.8105252164805
221 47.8105250062796
222 47.8105247946277
223 47.8105245815124
224 47.8105243669172
225 47.8105241508277
226 47.8105239332265
227 47.8105237140999
228 47.8105234934296
229 47.8105232711991
230 47.8105230473919
231 47.8105228219875
232 47.8105225949691
233 47.8105223663175
234 47.8105221360126
235 47.8105219040366
236 47.8105216703656
237 47.8105214349798
238 47.810521197857
239 47.8105209589764
240 47.8105207183123
241 47.8105204758419
242 47.8105202315416
243 47.810519985386
244 47.8105197373475
245 47.8105194874015
246 47.8105192355191
247 47.8105189816733
248 47.8105187258345
249 47.8105184679715
250 47.8105182080557
251 47.810517946053
252 47.8105176819341
253 47.810517415661
254 47.8105171472016
255 47.810516876521
256 47.8105166035793
257 47.8105163283424
258 47.8105160507677
259 47.8105157708174
260 47.8105154884496
261 47.8105152036211
262 47.8105149162867
263 47.8105146264053
264 47.8105143339271
265 47.8105140388033
266 47.8105137409862
267 47.810513440423
268 47.8105131370651
269 47.8105128308553
270 47.8105125217384
271 47.8105122096552
272 47.8105118945519
273 47.8105115763637
274 47.810511255029
275 47.8105109304849
276 47.8105106026636
277 47.8105102714972
278 47.8105099369187
279 47.8105095988541
280 47.8105092572282
281 47.8105089119704
282 47.8105085629992
283 47.8105082102337
284 47.8105078536001
285 47.8105074930074
286 47.810507128372
287 47.8105067596111
288 47.810506386631
289 47.8105060093429
290 47.8105056276554
291 47.8105052414736
292 47.810504850702
293 47.8105044552451
294 47.8105040550052
295 47.8105036498851
296 47.8105032397822
297 47.8105028245992
298 47.8105024042392
299 47.8105019786
300 47.8105015475871
301 47.8105011110997
302 47.8105006690463
303 47.8105002213367
304 47.81049976788
305 47.8104993085953
306 47.8104988434049
307 47.810498372234
308 47.8104978950229
309 47.8104974117153
310 47.8104969222692
311 47.8104964266551
312 47.8104959248557
313 47.8104954168738
314 47.8104949027288
315 47.810494382467
316 47.8104938561564
317 47.8104933238915
318 47.8104927858066
319 47.8104922420659
320 47.8104916928766
321 47.8104911384942
322 47.8104905792174
323 47.8104900154112
324 47.8104894474972
325 47.8104888759602
326 47.8104883013715
327 47.8104877243811
328 47.8104871457203
329 47.8104865662255
330 47.8104859868311
331 47.8104854085849
332 47.8104848326536
333 47.810484260321
334 47.8104836930072
335 47.8104831322603
336 47.8104825797665
337 47.8104820373459
338 47.8104815069622
339 47.8104809906997
340 47.8104804907749
341 47.8104800095115
342 47.8104795493344
343 47.8104791127524
344 47.8104787023059
345 47.8104783205878
346 47.810477970164
347 47.810477653551
348 47.810477373177
349 47.8104771313247
350 47.8104769300909
351 47.8104767713334
352 47.8104766566158
353 47.8104765871558
354 47.8104765638066
355 47.8104765869801
356 47.8104766566512
357 47.8104767723168
358 47.8104769329942
359 47.810477137225
360 47.8104773830849
361 47.8104776682057
362 47.8104779898203
363 47.8104783448144
364 47.8104787297655
365 47.8104791410137
366 47.8104795747344
367 47.8104800269816
368 47.8104804937771
369 47.8104809711627
370 47.8104814552549
371 47.8104819423057
372 47.8104824287479
373 47.8104829112204
374 47.8104833866171
375 47.8104838520934
376 47.8104843050905
377 47.8104847433355
378 47.8104851648446
379 47.8104855679344
380 47.8104859511794
381 47.8104863134387
382 47.8104866538029
383 47.8104869716057
384 47.810487266387
385 47.8104875378779
386 47.810487785991
387 47.8104880107765
388 47.810488212429
389 47.8104883912427
390 47.8104885476216
391 47.8104886820476
392 47.8104887950591
393 47.8104888872542
394 47.8104889592653
395 47.8104890117651
396 47.8104890454385
397 47.8104890609829
398 47.8104890590999
399 47.8104890404977
400 47.8104890058666
401 47.8104889558965
402 47.8104888912634
403 47.8104888126202
404 47.8104887206097
405 47.8104886158466
406 47.8104884989332
407 47.8104883704456
408 47.8104882309333
409 47.8104880809307
410 47.8104879209414
411 47.8104877514567
412 47.8104875729316
413 47.8104873858129
414 47.8104871905196
415 47.8104869874489
416 47.8104867769824
417 47.8104865594749
418 47.8104863352752
419 47.8104861046981
420 47.8104858680568
421 47.8104856256371
422 47.810485377716
423 47.8104851245497
424 47.8104848663885
425 47.8104846034622
426 47.8104843359894
427 47.8104840641794
428 47.8104837882301
429 47.8104835083193
430 47.8104832246308
431 47.8104829373248
432 47.8104826465605
433 47.8104823524833
434 47.8104820552352
435 47.8104817549434
436 47.8104814517391
437 47.8104811457362
438 47.8104808370461
439 47.8104805257741
440 47.8104802120198
441 47.8104798958759
442 47.8104795774322
443 47.8104792567749
444 47.8104789339811
445 47.8104786091288
446 47.8104782822825
447 47.8104779535158
448 47.8104776228904
449 47.8104772904627
450 47.8104769562966
451 47.8104766204422
452 47.8104762829493
453 47.8104759438682
454 47.810475603244
455 47.8104752611212
456 47.8104749175394
457 47.8104745725383
458 47.8104742261535
459 47.8104738784227
460 47.8104735293764
461 47.810473179048
462 47.8104728274648
463 47.8104724746569
464 47.8104721206514
465 47.8104717654728
466 47.8104714091443
467 47.8104710516908
468 47.8104706931327
469 47.8104703334911
470 47.810469972785
471 47.8104696110325
472 47.8104692482531
473 47.8104688844607
474 47.8104685196762
475 47.8104681539081
476 47.8104677871761
477 47.8104674194908
478 47.8104670508646
479 47.8104666813129
480 47.8104663108449
481 47.8104659394718
482 47.8104655672053
483 47.8104651940559
484 47.8104648200307
485 47.8104644451392
486 47.8104640693923
487 47.8104636927949
488 47.8104633153563
489 47.8104629370856
490 47.8104625579869
491 47.8104621780677
492 47.8104617973352
493 47.8104614157957
494 47.8104610334521
495 47.8104606503135
496 47.8104602663835
497 47.8104598816646
498 47.8104594961633
499 47.8104591098859
500 47.8104587228347
501 47.8104583350122
502 47.8104579464261
503 47.8104575570761
504 47.8104571669688
505 47.8104567761058
506 47.810456384488
507 47.8104559921217
508 47.8104555990076
509 47.810455205151
510 47.8104548105503
511 47.8104544152114
512 47.8104540191329
513 47.810453622321
514 47.8104532247747
515 47.8104528264972
516 47.8104524274897
517 47.8104520277548
518 47.8104516272935
519 47.8104512261064
520 47.8104508241958
521 47.8104504215625
522 47.8104500182084
523 47.8104496141356
524 47.8104492093423
525 47.810448803831
526 47.8104483976049
527 47.8104479906617
528 47.8104475830041
529 47.8104471746309
530 47.8104467655456
531 47.8104463557459
532 47.8104459452347
533 47.8104455340124
534 47.8104451220793
535 47.8104447094359
536 47.8104442960811
537 47.8104438820168
538 47.8104434672455
539 47.8104430517628
540 47.810442635573
541 47.8104422186738
542 47.8104418010686
543 47.8104413827552
544 47.8104409637349
545 47.8104405440057
546 47.8104401235698
547 47.810439702428
548 47.8104392805784
549 47.8104388580235
550 47.810438434761
551 47.8104380107922
552 47.8104375861164
553 47.8104371607341
554 47.8104367346462
555 47.8104363078511
556 47.8104358803494
557 47.8104354521428
558 47.8104350232288
559 47.8104345936075
560 47.8104341632803
561 47.8104337322466
562 47.8104333005044
563 47.8104328680582
564 47.810432434903
565 47.8104320010396
566 47.8104315664698
567 47.8104311311927
568 47.8104306952087
569 47.8104302585156
570 47.8104298211157
571 47.8104293830072
572 47.8104289441912
573 47.8104285046659
574 47.8104280644318
575 47.810427623489
576 47.8104271818378
577 47.8104267394773
578 47.8104262964078
579 47.8104258526272
580 47.8104254081378
581 47.8104249629376
582 47.8104245170276
583 47.8104240704076
584 47.8104236230759
585 47.8104231750342
586 47.8104227262811
587 47.8104222768158
588 47.8104218266397
589 47.8104213757508
590 47.8104209241505
591 47.8104204718374
592 47.8104200188114
593 47.810419565074
594 47.8104191106222
595 47.8104186554587
596 47.8104181995798
597 47.8104177429881
598 47.810417285682
599 47.8104168276615
600 47.8104163689264
601 47.8104159094764
602 47.8104154493114
603 47.8104149884304
604 47.8104145268349
605 47.8104140645238
606 47.8104136014956
607 47.8104131377518
608 47.8104126732902
609 47.8104122081136
610 47.8104117422191
611 47.8104112756074
612 47.810410808278
613 47.8104103402314
614 47.8104098714658
615 47.8104094019826
616 47.8104089317805
617 47.8104084608599
618 47.8104079892199
619 47.8104075168609
620 47.8104070437822
621 47.8104065699853
622 47.8104060954668
623 47.8104056202283
624 47.8104051442697
625 47.8104046675912
626 47.81040419019
627 47.8104037120696
628 47.8104032332261
629 47.8104027536619
630 47.8104022733759
631 47.810401792368
632 47.8104013106377
633 47.8104008281841
634 47.810400345008
635 47.8103998611101
636 47.8103993764886
637 47.8103988911432
638 47.8103984050749
639 47.8103979182834
640 47.8103974307667
641 47.8103969425262
642 47.8103964535609
643 47.8103959638722
644 47.8103954734566
645 47.8103949823163
646 47.8103944904514
647 47.8103939978618
648 47.8103935045447
649 47.8103930105031
650 47.8103925157336
651 47.8103920202399
652 47.81039152402
653 47.8103910270719
654 47.8103905293965
655 47.8103900309949
656 47.8103895318662
657 47.8103890320098
658 47.8103885314255
659 47.8103880301136
660 47.8103875280735
661 47.8103870253062
662 47.8103865218091
663 47.8103860175839
664 47.8103855126301
665 47.8103850069471
666 47.8103845005343
667 47.8103839933928
668 47.8103834855233
669 47.8103829769214
670 47.8103824675927
671 47.8103819575303
672 47.8103814467404
673 47.8103809352195
674 47.8103804229673
675 47.8103799099862
676 47.8103793962727
677 47.8103788818282
678 47.8103783666527
679 47.8103778507473
680 47.8103773341084
681 47.8103768167384
682 47.8103762986374
683 47.8103757798028
684 47.8103752602376
685 47.8103747399405
686 47.8103742189086
687 47.8103736971474
688 47.8103731746502
689 47.8103726514215
690 47.8103721274598
691 47.8103716027647
692 47.810371077337
693 47.8103705511742
694 47.810370024278
695 47.8103694966493
696 47.8103689682862
697 47.8103684391882
698 47.8103679093576
699 47.8103673787919
700 47.8103668474911
701 47.8103663154562
702 47.8103657826855
703 47.810365249182
704 47.8103647149421
705 47.8103641799664
706 47.8103636442572
707 47.8103631078114
708 47.8103625706306
709 47.8103620327151
710 47.8103614940609
711 47.8103609546723
712 47.810360414549
713 47.8103598736883
714 47.810359332091
715 47.8103587897576
716 47.8103582466866
717 47.810357702881
718 47.8103571583373
719 47.8103566130572
720 47.8103560670402
721 47.8103555202862
722 47.8103549727944
723 47.8103544245653
724 47.8103538755987
725 47.8103533258941
726 47.8103527754518
727 47.8103522242732
728 47.8103516723559
729 47.8103511197006
730 47.8103505663073
731 47.8103500121747
732 47.8103494573037
733 47.8103489016955
734 47.8103483453486
735 47.810347788263
736 47.8103472304375
737 47.8103466718743
738 47.8103461125714
739 47.8103455525301
740 47.8103449917489
741 47.8103444302286
742 47.810343867969
743 47.8103433049709
744 47.8103427412331
745 47.8103421767544
746 47.8103416115364
747 47.8103410455783
748 47.8103404788821
749 47.8103399114437
750 47.8103393432662
751 47.8103387743481
752 47.8103382046889
753 47.8103376342917
754 47.8103370631519
755 47.810336491274
756 47.8103359186523
757 47.8103353452906
758 47.8103347711895
759 47.8103341963456
760 47.8103336207618
761 47.8103330444366
762 47.8103324673706
763 47.810331889563
764 47.8103313110148
765 47.810330731723
766 47.8103301516931
767 47.8103295709199
768 47.810328989405
769 47.8103284071476
770 47.8103278241503
771 47.8103272404102
772 47.810326655927
773 47.8103260707024
774 47.8103254847361
775 47.8103248980268
776 47.8103243105752
777 47.810323722383
778 47.8103231334468
779 47.8103225437689
780 47.8103219533488
781 47.8103213621849
782 47.8103207702781
783 47.81032017763
784 47.8103195842364
785 47.8103189901025
786 47.8103183952248
787 47.8103177996039
788 47.8103172032404
789 47.8103166061335
790 47.8103160082824
791 47.8103154096888
792 47.8103148103521
793 47.8103142102706
794 47.8103136094464
795 47.8103130078778
796 47.8103124055664
797 47.8103118025117
798 47.8103111987119
799 47.8103105941696
800 47.8103099888833
801 47.8103093828513
802 47.8103087760769
803 47.8103081685583
804 47.8103075602952
805 47.8103069512883
806 47.8103063415366
807 47.8103057310403
808 47.8103051198005
809 47.8103045078154
810 47.8103038950867
811 47.8103032816126
812 47.810302667393
813 47.8103020524316
814 47.8103014367228
815 47.8103008202696
816 47.8103002030723
817 47.810299585129
818 47.8102989664419
819 47.8102983470096
820 47.8102977268321
821 47.8102971059091
822 47.8102964842414
823 47.8102958618288
824 47.81029523867
825 47.8102946147661
826 47.8102939901169
827 47.8102933647227
828 47.810292738582
829 47.8102921116959
830 47.8102914840653
831 47.8102908556883
832 47.8102902265662
833 47.8102895966983
834 47.8102889660835
835 47.810288334724
836 47.810287702618
837 47.8102870697653
838 47.8102864361689
839 47.8102858018249
840 47.810285166735
841 47.8102845309006
842 47.8102838943178
843 47.8102832569889
844 47.8102826189144
845 47.8102819800929
846 47.810281340526
847 47.8102807002125
848 47.8102800591524
849 47.8102794173459
850 47.8102787747921
851 47.8102781314934
852 47.810277487447
853 47.8102768426545
854 47.8102761971144
855 47.8102755508284
856 47.8102749037948
857 47.8102742560152
858 47.810273607489
859 47.8102729582144
860 47.8102723081948
861 47.8102716574264
862 47.8102710059129
863 47.8102703536514
864 47.8102697006415
865 47.8102690468869
866 47.8102683923838
867 47.8102677371338
868 47.8102670811362
869 47.8102664243909
870 47.8102657668988
871 47.8102651086599
872 47.8102644496731
873 47.8102637899381
874 47.8102631294566
875 47.8102624682273
876 47.8102618062507
877 47.8102611435268
878 47.8102604800538
879 47.8102598158331
880 47.8102591508676
881 47.8102584851519
882 47.8102578186892
883 47.8102571514788
884 47.8102564835204
885 47.8102558148138
886 47.8102551453601
887 47.8102544751574
888 47.8102538042073
889 47.8102531325096
890 47.8102524600633
891 47.8102517868689
892 47.810251112927
893 47.8102504382361
894 47.8102497627974
895 47.8102490866112
896 47.8102484096755
897 47.8102477319921
898 47.8102470535609
899 47.8102463743812
900 47.8102456944533
901 47.8102450137768
902 47.8102443323517
903 47.810243650178
904 47.8102429672562
905 47.8102422835854
906 47.810241599167
907 47.8102409139999
908 47.8102402280839
909 47.8102395414188
910 47.8102388540058
911 47.8102381658445
912 47.8102374769328
913 47.8102367872733
914 47.8102360968659
915 47.8102354057081
916 47.8102347138022
917 47.8102340211475
918 47.810233327745
919 47.8102326335923
920 47.8102319386905
921 47.8102312430402
922 47.8102305466416
923 47.8102298494936
924 47.8102291515967
925 47.81022845295
926 47.8102277535543
927 47.8102270534102
928 47.8102263525161
929 47.8102256508749
930 47.8102249484818
931 47.8102242453409
932 47.8102235414515
933 47.8102228368101
934 47.8102221314223
935 47.8102214252847
936 47.8102207183959
937 47.81022001076
938 47.8102193023732
939 47.8102185932381
940 47.8102178833521
941 47.810217172719
942 47.810216461335
943 47.8102157492005
944 47.8102150363175
945 47.8102143226858
946 47.8102136083031
947 47.8102128931719
948 47.8102121772908
949 47.8102114606592
950 47.8102107432792
951 47.8102100251484
952 47.8102093062699
953 47.8102085866393
954 47.81020786626
955 47.8102071451296
956 47.8102064232515
957 47.8102057006225
958 47.8102049772444
959 47.8102042531151
960 47.8102035282369
961 47.8102028026101
962 47.8102020762309
963 47.8102013491032
964 47.8102006212253
965 47.810199892597
966 47.8101991632189
967 47.8101984330905
968 47.8101977022129
969 47.8101969705847
970 47.8101962382063
971 47.8101955050797
972 47.8101947712007
973 47.8101940365726
974 47.810193301192
975 47.8101925650642
976 47.8101918281853
977 47.8101910905566
978 47.8101903521772
979 47.8101896130479
980 47.8101888731675
981 47.8101881325376
982 47.8101873911564
983 47.810186649025
984 47.8101859061442
985 47.8101851625125
986 47.8101844181315
987 47.810183672999
988 47.8101829271165
989 47.8101821804831
990 47.8101814330998
991 47.8101806849651
992 47.8101799360813
993 47.8101791864462
994 47.8101784360608
995 47.8101776849243
996 47.8101769330381
997 47.810176180401
998 47.8101754270138
999 47.8101746728748
1000 47.8101739179866
1001 47.8101731623469
1002 47.8101724059565
1003 47.8101716488156
1004 47.8101708909251
1005 47.8101701322816
1006 47.8101693728885
1007 47.8101686127453
1008 47.8101678518512
1009 47.8101670902061
1010 47.8101663278097
1011 47.8101655646639
1012 47.8101648007659
1013 47.810164036117
1014 47.8101632707179
1015 47.8101625045677
1016 47.8101617376686
1017 47.8101609700161
1018 47.8101602016141
1019 47.8101594324584
1020 47.8101586625544
1021 47.8101578918993
1022 47.8101571204927
1023 47.8101563483365
1024 47.8101555754281
1025 47.8101548017678
1026 47.8101540273575
1027 47.8101532521966
1028 47.8101524762842
1029 47.810151699621
1030 47.8101509222059
1031 47.810150144041
1032 47.8101493651248
1033 47.8101485854562
1034 47.810147805038
1035 47.8101470238683
1036 47.8101462419472
1037 47.8101454592747
1038 47.8101446758504
1039 47.8101438916757
1040 47.8101431067497
1041 47.810142321073
1042 47.8101415346447
1043 47.8101407474648
1044 47.8101399595349
1045 47.8101391708515
1046 47.8101383814184
1047 47.8101375912343
1048 47.810136800298
1049 47.8101360086104
1050 47.8101352161726
1051 47.8101344229836
1052 47.8101336290422
1053 47.8101328343486
1054 47.8101320389048
1055 47.8101312427101
1056 47.8101304457621
1057 47.8101296480643
1058 47.8101288496145
1059 47.8101280504136
1060 47.8101272504615
1061 47.8101264497572
1062 47.810125648302
1063 47.8101248460948
1064 47.8101240431376
1065 47.8101232394265
1066 47.8101224349644
1067 47.8101216297523
1068 47.8101208237883
1069 47.810120017071
1070 47.8101192096032
1071 47.8101184013844
1072 47.8101175924135
1073 47.8101167826928
1074 47.8101159722175
1075 47.8101151609923
1076 47.8101143490144
1077 47.8101135362862
1078 47.810112722805
1079 47.8101119085741
1080 47.8101110935892
1081 47.8101102778534
1082 47.8101094613672
1083 47.8101086441275
1084 47.8101078261377
1085 47.8101070073942
1086 47.8101061879
1087 47.8101053676552
1088 47.8101045466581
1089 47.8101037249093
1090 47.8101029024071
1091 47.8101020791556
1092 47.8101012551491
1093 47.8101004303939
1094 47.810099604885
1095 47.8100987786252
1096 47.8100979516126
1097 47.81009712385
1098 47.8100962953334
1099 47.810095466067
1100 47.8100946360464
1101 47.8100938052762
1102 47.810092973753
1103 47.8100921414776
1104 47.8100913084505
1105 47.8100904746716
1106 47.8100896401418
1107 47.8100888048582
1108 47.8100879688248
1109 47.8100871320375
1110 47.8100862944992
1111 47.810085456208
1112 47.8100846171667
1113 47.8100837773718
1114 47.8100829368254
1115 47.8100820955272
1116 47.8100812534762
1117 47.8100804106741
1118 47.8100795671198
1119 47.810078722813
1120 47.8100778777544
1121 47.8100770319437
1122 47.8100761853804
1123 47.8100753380663
1124 47.8100744899994
1125 47.81007364118
1126 47.8100727916086
1127 47.8100719412851
1128 47.8100710902107
1129 47.8100702383832
1130 47.8100693858032
1131 47.8100685324727
1132 47.8100676783882
1133 47.8100668235526
1134 47.8100659679647
1135 47.8100651116235
1136 47.8100642545317
1137 47.8100633966861
1138 47.8100625380904
1139 47.810061678741
1140 47.8100608186397
1141 47.8100599577862
1142 47.8100590961798
1143 47.8100582338223
1144 47.8100573707118
1145 47.8100565068491
1146 47.8100556422345
1147 47.8100547768682
1148 47.8100539107487
1149 47.810053043876
1150 47.8100521762532
1151 47.8100513078766
1152 47.8100504387484
1153 47.8100495688676
1154 47.810048698235
1155 47.8100478268493
1156 47.8100469547122
1157 47.8100460818217
1158 47.8100452081786
1159 47.810044333784
1160 47.810043458637
1161 47.8100425827389
1162 47.810041706087
1163 47.8100408286823
1164 47.810039950526
1165 47.8100390716164
1166 47.8100381919558
1167 47.8100373115412
1168 47.8100364303752
1169 47.8100355484565
1170 47.8100346657861
1171 47.8100337823626
1172 47.8100328981869
1173 47.8100320132584
1174 47.8100311275779
1175 47.8100302411437
1176 47.8100293539582
1177 47.8100284660194
1178 47.8100275773306
1179 47.8100266878862
1180 47.810025797691
1181 47.8100249067424
1182 47.8100240150418
1183 47.8100231225885
1184 47.8100222293829
1185 47.8100213354247
1186 47.8100204407147
1187 47.8100195452508
1188 47.8100186490352
1189 47.8100177520679
1190 47.8100168543456
1191 47.8100159558717
1192 47.8100150566465
1193 47.8100141566675
1194 47.8100132559368
1195 47.8100123544542
1196 47.8100114522169
1197 47.8100105492279
1198 47.810009645488
1199 47.8100087409926
1200 47.8100078357449
1201 47.8100069297459
1202 47.8100060229944
1203 47.8100051154904
1204 47.8100042072316
1205 47.8100032982219
1206 47.8100023884607
1207 47.8100014779456
1208 47.8100005666779
1209 47.8099996546574
1210 47.809998741884
1211 47.8099978283579
1212 47.8099969140779
1213 47.8099959990486
1214 47.8099950832648
1215 47.8099941667274
1216 47.8099932494389
1217 47.809992331397
1218 47.809991412602
1219 47.8099904930543
1220 47.8099895727546
1221 47.809988651701
1222 47.8099877298962
1223 47.8099868073371
1224 47.8099858840275
1225 47.8099849599624
1226 47.8099840351465
1227 47.8099831095771
1228 47.8099821832544
1229 47.8099812561795
1230 47.8099803283522
1231 47.809979399772
1232 47.8099784704382
1233 47.8099775403525
1234 47.8099766095145
1235 47.8099756779232
1236 47.8099747455784
1237 47.8099738124812
1238 47.8099728786319
1239 47.8099719440286
1240 47.8099710086729
1241 47.8099700725649
1242 47.8099691357037
1243 47.809968198089
1244 47.809967259722
1245 47.809966320603
1246 47.8099653807301
1247 47.8099644401038
1248 47.8099634987256
1249 47.8099625565946
1250 47.8099616137107
1251 47.8099606700743
1252 47.8099597256845
1253 47.8099587805421
1254 47.8099578346459
1255 47.8099568879978
1256 47.8099559405955
1257 47.8099549924419
1258 47.8099540435354
1259 47.8099530938737
1260 47.8099521434619
1261 47.8099511922956
1262 47.8099502403765
1263 47.8099492877048
1264 47.8099483342813
1265 47.8099473801032
1266 47.8099464251724
1267 47.8099454694888
1268 47.8099445130516
1269 47.8099435558622
1270 47.8099425979207
1271 47.8099416392251
1272 47.8099406797765
1273 47.8099397195758
1274 47.8099387586212
1275 47.8099377969138
1276 47.8099368344545
1277 47.8099358712411
1278 47.8099349072751
1279 47.8099339425547
1280 47.8099329770824
1281 47.8099320108583
1282 47.80993104388
1283 47.809930076149
1284 47.8099291076644
1285 47.8099281384282
1286 47.8099271684373
1287 47.8099261976938
1288 47.8099252261983
1289 47.8099242539487
1290 47.8099232809464
1291 47.8099223071905
1292 47.8099213326817
1293 47.8099203574213
1294 47.8099193814071
1295 47.8099184046384
1296 47.8099174271181
1297 47.8099164488448
1298 47.8099154698177
1299 47.8099144900384
1300 47.8099135095048
1301 47.809912528219
1302 47.80991154618
1303 47.8099105633874
1304 47.809909579843
1305 47.8099085955442
1306 47.8099076104924
1307 47.8099066246879
1308 47.8099056381322
1309 47.8099046508208
1310 47.8099036627571
1311 47.8099026739398
1312 47.8099016843707
1313 47.809900694046
1314 47.8098997029706
1315 47.8098987111401
1316 47.8098977185582
1317 47.809896725222
1318 47.8098957311336
1319 47.8098947362908
1320 47.8098937406966
1321 47.8098927443479
1322 47.8098917472457
1323 47.8098907493911
1324 47.8098897507847
1325 47.8098887514226
1326 47.8098877513095
1327 47.8098867504432
1328 47.8098857488217
1329 47.8098847464485
1330 47.8098837433217
1331 47.809882739442
1332 47.8098817348097
1333 47.8098807294222
1334 47.8098797232837
1335 47.8098787163907
1336 47.8098777087453
1337 47.8098767003459
1338 47.809875691193
1339 47.8098746812876
1340 47.8098736706291
1341 47.8098726592171
1342 47.8098716470533
1343 47.8098706341338
1344 47.809869620463
1345 47.8098686060372
1346 47.8098675908594
1347 47.8098665749286
1348 47.8098655582444
1349 47.8098645408065
1350 47.8098635226158
1351 47.8098625036718
1352 47.8098614839736
1353 47.8098604635236
1354 47.8098594423192
1355 47.8098584203622
1356 47.8098573976518
1357 47.8098563741882
1358 47.8098553499719
1359 47.8098543250014
1360 47.8098532992765
1361 47.8098522728001
1362 47.8098512455707
1363 47.8098502175878
1364 47.8098491888506
1365 47.8098481593608
1366 47.8098471291176
1367 47.8098460981223
1368 47.8098450663718
1369 47.8098440338693
1370 47.8098430006126
1371 47.8098419666032
1372 47.8098409318402
1373 47.8098398963246
1374 47.809838860054
1375 47.809837823032
1376 47.8098367852551
1377 47.8098357467265
1378 47.809834707443
1379 47.8098336674083
1380 47.8098326266184
1381 47.8098315850755
1382 47.8098305427794
1383 47.8098294997304
1384 47.8098284559274
1385 47.8098274113714
1386 47.8098263660621
1387 47.8098253200001
1388 47.8098242731838
1389 47.8098232256135
1390 47.8098221772905
1391 47.8098211282151
1392 47.8098200783851
1393 47.8098190278021
1394 47.8098179764664
1395 47.8098169243764
1396 47.8098158715339
1397 47.8098148179375
1398 47.8098137635885
1399 47.8098127084845
1400 47.8098116526277
1401 47.8098105960186
1402 47.8098095386545
1403 47.8098084805396
1404 47.8098074216689
1405 47.8098063620458
1406 47.8098053016688
1407 47.8098042405392
1408 47.8098031786563
1409 47.8098021160182
1410 47.8098010526287
1411 47.8097999884847
1412 47.8097989235887
1413 47.8097978579376
1414 47.809796791533
1415 47.8097957243765
1416 47.809794656466
1417 47.8097935878024
1418 47.8097925183842
1419 47.8097914482134
1420 47.8097903772896
1421 47.8097893056111
1422 47.8097882331808
1423 47.8097871599949
1424 47.8097860860582
1425 47.8097850113651
1426 47.8097839359209
1427 47.8097828597227
1428 47.8097817827714
1429 47.8097807050656
1430 47.8097796266068
1431 47.8097785473947
1432 47.8097774674292
1433 47.8097763867105
1434 47.8097753052377
1435 47.8097742230133
1436 47.8097731400325
1437 47.8097720563007
1438 47.8097709718144
1439 47.8097698865735
1440 47.8097688005809
1441 47.8097677138341
1442 47.8097666263337
1443 47.8097655380807
1444 47.8097644490738
1445 47.8097633593129
1446 47.809762268798
1447 47.8097611775312
1448 47.8097600855097
1449 47.8097589927361
1450 47.8097578992089
