0 3231.83320653541
1 3231.85165381861
2 3231.90699738864
3 3231.99924240721
4 3232.12839747853
5 3232.29447465131
6 3232.49748942159
7 3232.73746073637
8 3233.01441099805
9 3233.32836606967
10 3233.67935528104
11 3234.06741143552
12 3234.49257081784
13 3234.95487320254
14 3235.4543618634
15 3235.99108358357
16 3236.56508866662
17 3237.17643094843
18 3237.82516780984
19 3238.51136019028
20 3239.23507260215
21 3239.99637314612
22 3240.79533352729
23 3241.63202907221
24 3242.50653874681
25 3243.41894517523
26 3244.36933465949
27 3245.35779720017
28 3246.38442651791
29 3247.44932007592
30 3248.55257910341
31 3249.69430861989
32 3250.87461746057
33 3252.09361830263
34 3253.3514276925
35 3254.64816607418
36 3255.9839578185
37 3257.35893125345
38 3258.77321869554
39 3260.22695648222
40 3261.72028500533
41 3263.25334874569
42 3264.82629630875
43 3266.43928046135
44 3268.09245816965
45 3269.78599063817
46 3271.52004335005
47 3273.29478610843
48 3275.11039307909
49 3276.96704283432
50 3278.864918398
51 3280.80420729199
52 3282.7851015838
53 3284.80779793555
54 3286.87249765435
55 3288.97940674392
56 3291.12873595776
57 3293.32070085356
58 3295.55552184921
59 3297.83342428019
60 3300.15463845849
61 3302.51939973306
62 3304.9279485518
63 3307.38053052522
64 3309.87739649157
65 3312.41880258381
66 3315.00501029814
67 3317.63628656433
68 3320.31290381775
69 3323.0351400733
70 3325.80327900107
71 3328.61761000396
72 3331.47842829718
73 3334.38603498975
74 3337.34073716799
75 3340.34284798104
76 3343.39268672853
77 3346.49057895035
78 3349.63685651865
79 3352.83185773208
80 3356.07592741231
81 3359.36941700296
82 3362.71268467085
83 3366.1060954098
84 3369.55002114691
85 3373.04484085146
86 3376.59094064643
87 3380.18871392273
88 3383.83856145625
89 3387.54089152773
90 3391.29612004554
91 3395.10467067148
92 3398.96697494963
93 3402.88347243836
94 3406.85461084556
95 3410.88084616718
96 3414.9626428291
97 3419.10047383265
98 3423.29482090349
99 3427.54617464432
100 3431.85503469123
101 3436.22190987403
102 3440.64731838044
103 3445.13178792438
104 3449.67585591847
105 3454.2800696508
106 3458.94498646606
107 3463.67117395128
108 3468.45921012616
109 3473.3096836382
110 3478.22319396272
111 3483.20035160798
112 3488.24177832541
113 3493.34810732526
114 3498.51998349763
115 3503.75806363925
116 3509.06301668598
117 3514.43552395132
118 3519.87627937101
119 3525.38598975402
120 3530.96537503996
121 3536.61516856321
122 3542.33611732396
123 3548.12898226628
124 3553.99453856356
125 3559.93357591137
126 3565.94689882816
127 3572.03532696382
128 3578.19969541658
129 3584.44085505825
130 3590.75967286825
131 3597.15703227657
132 3603.63383351608
133 3610.19099398428
134 3616.82944861497
135 3623.55015026001
136 3630.35407008164
137 3637.24219795547
138 3644.21554288474
139 3651.275133426
140 3658.42201812664
141 3665.65726597471
142 3672.98196686139
143 3680.39723205642
144 3687.90419469712
145 3695.50401029123
146 3703.19785723415
147 3710.98693734108
148 3718.87247639442
149 3726.8557247071
150 3734.93795770224
151 3743.12047650974
152 3751.40460858048
153 3759.79170831853
154 3768.28315773212
155 3776.88036710399
156 3785.5847756818
157 3794.39785238929
158 3803.32109655885
159 3812.35603868635
160 3821.50424120905
161 3830.76729930715
162 3840.14684173024
163 3849.64453164911
164 3859.26206753418
165 3869.00118406127
166 3878.86365304592
167 3888.85128440706
168 3898.96592716136
169 3909.20947044922
170 3919.58384459364
171 3930.09102219326
172 3940.73301925067
173 3951.51189633762
174 3962.42975979819
175 3973.48876299167
176 3984.6911075765
177 3996.0390448369
178 4007.5348770539
179 4019.18095892242
180 4030.97969901632
181 4042.9335613032
182 4055.045066711
183 4067.31679474847
184 4079.7513851817
185 4092.35153976884
186 4105.12002405559
187 4118.05966923384
188 4131.17337406597
189 4144.46410687772
190 4157.93490762238
191 4171.58889001927
192 4185.42924376973
193 4199.45923685379
194 4213.68221791114
195 4228.10161870983
196 4242.72095670664
197 4257.54383770304
198 4272.5739586009
199 4287.81511026245
200 4303.271180479
201 4318.94615705335
202 4334.84413100093
203 4350.9692998751
204 4367.3259712222
205 4383.9185661724
206 4400.75162317244
207 4417.82980186697
208 4435.15788713543
209 4452.74079329169
210 4470.5835684543
211 4488.69139909532
212 4507.06961477643
213 4525.72369308132
214 4544.65926475389
215 4563.88211905239
216 4583.39820933013
217 4603.21365885404
218 4623.33476687293
219 4643.76801494815
220 4664.52007355984
221 4685.59780900298
222 4707.00829058811
223 4728.75879816255
224 4750.85682996892
225 4773.31011085865
226 4796.12660087941
227 4819.31450425645
228 4842.88227878905
229 4866.83864568468
230 4891.19259985472
231 4915.95342069751
232 4941.13068339539
233 4966.734270755
234 4992.77438562122
235 5019.26156389762
236 5046.20668820822
237 5073.62100223767
238 5101.51612578957
239 5129.90407060507
240 5158.79725698715
241 5188.20853127865
242 5218.15118424571
243 5248.63897042187
244 5279.68612847176
245 5311.30740263785
246 5343.51806533783
247 5376.3339409854
248 5409.77143111249
249 5443.84754087648
250 5478.57990704249
251 5513.98682753719
252 5550.08729267832
253 5586.90101819157
254 5624.44848013551
255 5662.75095186431
256 5701.83054316844
257 5741.71024174445
258 5782.41395715724
259 5823.9665674713
260 5866.39396874182
261 5909.72312757259
262 5953.9821369645
263 5999.20027569773
264 6045.40807151098
265 6092.63736836444
266 6140.92139809734
267 6190.29485681918
268 6240.79398640312
269 6292.45666148392
270 6345.32248239882
271 6399.43287455074
272 6454.83119471732
273 6511.56284487911
274 6569.6753941947
275 6629.21870981122
276 6690.24509726618
277 6752.80945131098
278 6816.96941807013
279 6882.78556954269
280 6950.32159155587
281 7019.64448639649
282 7090.82479147518
283 7163.936815523
284 7239.05889398284
285 7316.27366544031
286 7395.66837114455
287 7477.3351799007
288 7561.37154087732
289 7647.88056716779
290 7736.97145327908
291 7828.75993010173
292 7923.3687613463
293 8020.92828592353
294 8121.57701130655
295 8225.46226355489
296 8332.74090041504
297 8443.58009475582
298 8558.15819656726
299 8676.66568287081
300 8799.30620618163
301 8926.29775366157
302 9057.87393084091
303 9194.28538581154
304 9335.80139215774
305 9482.71161165651
306 9635.32806102565
307 9793.98731081867
308 9959.05294907673
309 10130.91834769
310 10310.0097757688
311 10496.7899118919
312 10691.7618161537
313 10895.4734338019
314 11108.5227153613
315 11331.5634539958
316 11565.3119601278
317 11810.5547168499
318 12068.1571884913
319 12339.0739902104
320 12624.3606704429
321 12925.1874127312
322 13242.8550318984
323 13578.8137256481
324 13934.6851517009
325 14312.2885394938
326 14713.6717236602
327 15141.1482167152
328 15597.3417380301
329 16085.2400093758
330 16608.2601476585
331 17170.3286803537
332 17775.9801461167
333 18430.4795196257
334 19139.975458369
335 19911.6938209862
336 20754.1843694336
337 21677.6385258688
338 22694.3032640589
339 23819.0268692268
340 25069.9883316083
341 26469.6867422305
342 28046.3056488342
343 29835.6293351499
344 31883.79033666
345 34251.3016411427
346 37019.133613041
347 40298.1570086061
348 44244.348603285
349 49084.3267113116
350 55160.4491186424
351 63015.5168411209
352 73564.6214405051
353 88480.3782397568
354 111181.340686191
355 149914.501745444
356 230933.240439237
357 506706.80721067
358 -2500843.01069212
359 -358413.255307274
360 -192409.192622468
361 -131206.635417447
362 -99372.362397498
363 -79858.1695378436
364 -66671.7839966882
365 -57164.8422559914
366 -49985.9291012526
367 -44373.2529893138
368 -39864.7047868422
369 -36163.6874550571
370 -33071.1047493683
371 -30448.3393077865
372 -28195.9091489171
373 -26240.5670193627
374 -24527.1872218358
375 -23013.487897269
376 -21666.4962799399
377 -20460.1204053315
378 -19373.4432378525
379 -18389.5003227945
380 -17494.3882797378
381 -16676.6041766151
382 -15926.5489123029
383 -15236.148991864
384 -14598.5650241173
385 -14007.9645969891
386 -13459.3435321817
387 -12948.3839086487
388 -12471.3403232615
389 -12024.9480468919
390 -11606.3483113004
391 -11213.0271114275
392 -10842.764754185
393 -10493.5940147139
394 -10163.7652342086
395 -9851.71705197218
396 -9556.05173838872
397 -9275.51430654587
398 -9008.97474401116
399 -8755.41283422609
400 -8513.90513763409
401 -8283.61378232649
402 -8063.77677742293
403 -7853.69961319805
404 -7652.74795285693
405 -7460.34125395299
406 -7275.9471843479
407 -7099.07671959548
408 -6929.27982666963
409 -6766.1416538218
410 -6609.27915865483
411 -6458.33811671803
412 -6312.99046145007
413 -6172.93191342609
414 -6037.87986285457
415 -5907.57147431423
416 -5781.76198698645
417 -5660.22318725474
418 -5542.74203361764
419 -5429.11941648497
420 -5319.16903766918
421 -5212.71639630831
422 -5109.59786960958
423 -5009.6598782289
424 -4912.75812733221
425 -4818.7569154516
426 -4727.52850417438
427 -4638.95254250877
428 -4552.91554047152
429 -4469.31038705611
430 -4388.03590827674
431 -4308.99646145415
432 -4232.10156232266
433 -4157.26554190194
434 -4084.40723039823
435 -4013.44966568291
436 -3944.31982414771
437 -3876.94837195787
438 -3811.26943492226
439 -3747.22038537487
440 -3684.74164461849
441 -3623.77649962073
442 -3564.27093277701
443 -3506.17346366669
444 -3449.43500182785
445 -3394.00870966603
446 -3339.8498746923
447 -3286.91579035823
448 -3235.1656448205
449 -3184.56041702609
450 -3135.06277956228
451 -3086.63700776296
452 -3039.24889460656
453 -2992.86567097907
454 -2947.45593091217
455 -2902.98956143767
456 -2859.43767672935
457 -2816.77255622928
458 -2774.96758648054
459 -2733.99720640955
460 -2693.83685582183
461 -2654.46292689318
462 -2615.85271845488
463 -2577.98439288702
464 -2540.83693544795
465 -2504.39011588081
466 -2468.62445214966
467 -2433.52117616876
468 -2399.06220139829
469 -2365.23009218902
470 -2332.00803476679
471 -2299.37980975533
472 -2267.32976614315
473 -2235.84279660665
474 -2204.90431410786
475 -2174.5002296905
476 -2144.61693140352
477 -2115.24126428575
478 -2086.36051134999
479 -2057.9623755087
480 -2030.03496238739
481 -2002.56676397519
482 -1975.54664306554
483 -1948.96381844266
484 -1922.80785077249
485 -1897.06862915937
486 -1871.73635833202
487 -1846.80154642473
488 -1822.25499332181
489 -1798.0877795352
490 -1774.29125558693
491 -1750.85703187006
492 -1727.77696896303
493 -1705.04316837382
494 -1682.64796369218
495 -1660.58391212865
496 -1638.84378642119
497 -1617.42056709058
498 -1596.30743502752
499 -1575.49776439457
500 -1554.98511582792
501 -1534.76322992381
502 -1514.82602099622
503 -1495.16757109248
504 -1475.78212425453
505 -1456.6640810142
506 -1437.80799311134
507 -1419.20855842445
508 -1400.86061610384
509 -1382.75914189795
510 -1364.89924366399
511 -1347.27615705438
512 -1329.88524137114
513 -1312.72197558054
514 -1295.78195448085
515 -1279.06088501645
516 -1262.55458273169
517 -1246.2589683585
518 -1230.17006453175
519 -1214.28399262698
520 -1198.59696971504
521 -1183.10530562879
522 -1167.80540013693
523 -1152.69374022061
524 -1137.76689744821
525 -1123.02152544454
526 -1108.45435745013
527 -1094.06220396726
528 -1079.84195048892
529 -1065.7905553073
530 -1051.90504739882
531 -1038.18252438229
532 -1024.62015054747
533 -1011.21515495118
534 -997.964829578197
535 -984.866527564481
536 -971.91766148022
537 -959.115701670342
538 -946.458174650352
539 -933.942661555226
540 -921.566796639454
541 -909.328265826179
542 -897.224805303604
543 -885.254200166894
544 -873.414283103837
545 -861.702933122633
546 -850.118074320261
547 -838.657674689898
548 -827.319744965956
549 -816.102337505402
550 -805.003545203959
551 -794.021500445991
552 -783.154374086866
553 -772.400374466523
554 -761.757746453295
555 -751.224770516777
556 -740.799761828771
557 -730.481069391325
558 -720.267075190902
559 -710.156193377752
560 -700.146869469694
561 -690.237579579328
562 -680.426829664039
563 -670.713154797866
564 -661.095118464603
565 -651.571311871347
566 -642.140353281826
567 -632.800887368879
568 -623.551584585377
569 -614.391140553054
570 -605.318275468586
571 -596.331733526418
572 -587.430282357714
573 -578.612712485008
574 -569.877836791926
575 -561.224490007611
576 -552.65152820528
577 -544.157828314531
578 -535.742287646943
579 -527.403823434515
580 -519.141372380594
581 -510.953890222861
582 -502.840351308009
583 -494.799748177766
584 -486.831091165871
585 -478.933408005713
586 -471.10574344829
587 -463.347158890136
588 -455.656732010969
589 -448.033556420746
590 -440.476741315809
591 -432.985411143896
592 -425.558705277724
593 -418.195777696915
594 -410.895796677943
595 -403.657944492016
596 -396.481417110458
597 -389.365423917562
598 -382.309187430575
599 -375.311943026643
600 -368.372938676539
601 -361.491434684924
602 -354.666703437026
603 -347.898029151487
604 -341.184707639236
605 -334.526046068211
606 -327.921362733771
607 -321.369986834625
608 -314.871258254135
609 -308.424527346833
610 -302.029154730019
611 -295.684511080294
612 -289.38997693489
613 -283.144942497655
614 -276.948807449605
615 -270.800980763858
616 -264.700880524888
617 -258.647933751958
618 -252.641576226605
619 -246.681252324088
620 -240.766414848702
621 -234.896524872823
622 -229.071051579619
623 -223.289472109302
624 -217.551271408852
625 -211.855942085097
626 -206.202984261092
627 -200.591905435675
628 -195.022220346154
629 -189.493450834015
630 -184.005125713583
631 -178.556780643589
632 -173.147958001488
633 -167.778206760571
634 -162.447082369702
635 -157.154146635665
636 -151.898967608051
637 -146.681119466586
638 -141.500182410907
639 -136.355742552642
640 -131.247391809809
641 -126.174727803431
642 -121.137353756325
643 -116.134878394033
644 -111.166915847801
645 -106.233085559589
646 -101.333012189055
647 -96.4663255224616
648 -91.6326603834453
649 -86.8316565456387
650 -82.0629586470691
651 -77.3262161062967
652 -72.6210830402715
653 -67.9472181838344
654 -63.3042848108668
655 -58.6919506569895
656 -54.1098878438446
657 -49.5577728048579
658 -45.0352862125236
659 -40.5421129070639
660 -36.0779418265582
661 -31.642465938404
662 -27.2353821721616
663 -22.8563913536716
664 -18.5051981404855
665 -14.1815109585309
666 -9.88504194001382
667 -5.6155068624945
668 -1.37262508919309
669 2.84388048965286
670 7.0342835142277
671 11.1988542115403
672 15.337859450727
673 19.4515627973299
674 23.5402245665379
675 27.6041018754557
676 31.6434486943494
677 35.6585158969888
678 39.6495513100264
679 43.616799761485
680 47.5605031283023
681 51.4809003830728
682 55.3782276398755
683 59.2527181993103
684 63.1046025926753
685 66.9341086253609
686 70.7414614194903
687 74.5268834557277
688 78.2905946144078
689 82.0328122158755
690 85.7537510601411
691 89.4536234658126
692 93.1326393083526
693 96.791006057654
694 100.428928814956
695 104.046610349117
696 107.644251132264
697 111.222049374794
698 114.780201059798
699 118.318899976893
700 121.838337755433
701 125.338703897212
702 128.820185808548
703 132.282968831865
704 135.727236276719
705 139.153169450307
706 142.560947687452
707 145.950748380113
708 149.322747006363
709 152.677117158912
710 156.014030573156
711 159.333657154752
712 162.636165006737
713 165.921720456215
714 169.190488080611
715 172.442630733467
716 175.678309569859
717 178.897684071386
718 182.100912070743
719 185.28814977592
720 188.459551794019
721 191.615271154657
722 194.755459333055
723 197.880266272704
724 200.989840407708
725 204.084328684776
726 207.163876584864
727 210.228628144468
728 213.278725976628
729 216.314311291564
730 219.335523917009
731 222.342502318258
732 225.335383617865
733 228.314303615089
734 231.279396805012
735 234.23079639739
736 237.168634335205
737 240.093041312965
738 243.004146794708
739 245.902079031759
740 248.786965080212
741 251.658930818168
742 254.518100962717
743 257.364599086681
744 260.198547635096
745 263.02006794149
746 265.829280243894
747 268.62630370065
748 271.411256405992
749 274.184255405402
750 276.945416710748
751 279.694855315222
752 282.43268520808
753 285.159019389141
754 287.873969883132
755 290.57764775381
756 293.27016311792
757 295.951625158921
758 298.62214214057
759 301.281821420311
760 303.930769462502
761 306.569091851412
762 309.196893304127
763 311.814277683251
764 314.421348009418
765 317.0182064737
766 319.604954449808
767 322.181692506171
768 324.748520417843
769 327.30553717828
770 329.852841010954
771 332.390529380838
772 334.918699005737
773 337.437445867514
774 339.946865223133
775 342.447051615606
776 344.938098884817
777 347.420100178169
778 349.893147961193
779 352.35733402793
780 354.812749511294
781 357.259484893257
782 359.697630014923
783 362.127274086534
784 364.548505697314
785 366.961412825234
786 369.366082846677
787 371.762602545979
788 374.151058124883
789 376.531535211893
790 378.904118871538
791 381.268893613522
792 383.625943401807
793 385.975351663587
794 388.317201298178
795 390.651574685837
796 392.97855369647
797 395.298219698277
798 397.610653566315
799 399.915935690974
800 402.214145986386
801 404.505363898747
802 406.789668414583
803 409.067138068925
804 411.337850953435
805 413.60188472444
806 415.859316610931
807 418.110223422458
808 420.354681557012
809 422.59276700879
810 424.824555375948
811 427.050121868274
812 429.2695413148
813 431.482888171376
814 433.690236528181
815 435.891660117179
816 438.087232319538
817 440.277026172985
818 442.461114379132
819 444.639569310737
820 446.812463018939
821 448.979867240438
822 451.141853404641
823 453.29849264078
824 455.449855784947
825 457.596013387165
826 459.737035718354
827 461.872992777305
828 464.003954297624
829 466.129989754604
830 468.251168372122
831 470.367559129473
832 472.479230768184
833 474.586251798811
834 476.688690507716
835 478.786614963792
836 480.880093025226
837 482.969192346163
838 485.053980383431
839 487.134524403198
840 489.210891487638
841 491.283148541567
842 493.351362299088
843 495.4155993302
844 497.475926047423
845 499.53240871239
846 501.585113442458
847 503.634106217295
848 505.679452885467
849 507.721219171032
850 509.759470680118
851 511.794272907519
852 513.825691243276
853 515.853790979274
854 517.878637315832
855 519.900295368317
856 521.918830173754
857 523.934306697431
858 525.946789839556
859 527.956344441874
860 529.963035294343
861 531.966927141803
862 533.968084690654
863 535.966572615582
864 537.962455566268
865 539.955798174155
866 541.946665059203
867 543.935120836696
868 545.921230124066
869 547.905057547729
870 549.886667749991
871 551.86612539593
872 553.843495180357
873 555.8188418348
874 557.792230134497
875 559.763724905471
876 561.733391031614
877 563.701293461807
878 565.66749721713
879 567.632067398047
880 569.595069191698
881 571.556567879215
882 573.516628843088
883 575.475317574579
884 577.432699681211
885 579.388840894297
886 581.343807076526
887 583.297664229619
888 585.250478502043
889 587.2023161968
890 589.153243779261
891 591.103327885082
892 593.05263532821
893 595.00123310892
894 596.949188421973
895 598.89656866482
896 600.843441445903
897 602.789874593041
898 604.735936161881
899 606.68169444446
900 608.627217977862
901 610.572575552936
902 612.517836223141
903 614.463069313481
904 616.408344429521
905 618.353731466569
906 620.29930061887
907 622.245122388992
908 624.191267597295
909 626.13780739151
910 628.084813256448
911 630.032357023828
912 631.980510882226
913 633.92934738716
914 635.87893947131
915 637.829360454866
916 639.78068405602
917 641.732984401594
918 643.686336037834
919 645.640813941331
920 647.596493530103
921 649.553450674863
922 651.511761710401
923 653.471503447164
924 655.432753183016
925 657.395588715141
926 659.360088352147
927 661.326330926357
928 663.294395806272
929 665.264362909251
930 667.236312714359
931 669.210326275455
932 671.186485234451
933 673.164871834814
934 675.145568935275
935 677.128660023761
936 679.114229231564
937 681.102361347739
938 683.093141833748
939 685.086656838353
940 687.082993212763
941 689.082238526031
942 691.084481080746
943 693.089809928954
944 695.098314888411
945 697.110086559084
946 699.125216339965
947 701.143796446193
948 703.165919926456
949 705.191680680757
950 707.221173478462
951 709.254493976709
952 711.291738739152
953 713.333005255056
954 715.378391958748
955 717.427998249441
956 719.481924511438
957 721.540272134737
958 723.603143535998
959 725.670642179949
960 727.742872601219
961 729.819940426556
962 731.901952397543
963 733.989016393721
964 736.081241456198
965 738.178737811734
966 740.281616897299
967 742.389991385148
968 744.503975208414
969 746.623683587205
970 748.749233055262
971 750.880741487176
972 753.018328126148
973 755.162113612387
974 757.312220012041
975 759.468770846806
976 761.63189112413
977 763.801707368086
978 765.97834765091
979 768.161941625223
980 770.352620556952
981 772.550517358995
982 774.755766625599
983 776.968504667538
984 779.188869548038
985 781.417001119543
986 783.65304106128
987 785.897132917705
988 788.149422137796
989 790.410056115261
990 792.679184229675
991 794.95695788855
992 797.243530570401
993 799.539057868815
994 801.843697537525
995 804.157609536597
996 806.48095607966
997 808.81390168231
998 811.156613211612
999 813.509259936847
1000 815.872013581463
1001 818.245048376274
1002 820.628541113966
1003 823.022671204957
1004 825.427620734597
1005 827.84357452181
1006 830.270720179181
1007 832.709248174546
1008 835.159351894128
1009 837.621227707265
1010 840.095075032785
1011 842.581096407047
1012 845.079497553757
1013 847.590487455545
1014 850.114278427417
1015 852.651086192087
1016 855.201129957312
1017 857.764632495206
1018 860.341820223668
1019 862.932923289977
1020 865.538175656573
1021 868.157815189172
1022 870.792083747198
1023 873.441227276703
1024 876.105495905775
1025 878.78514404254
1026 881.480430475879
1027 884.191618478881
1028 886.918975915172
1029 889.662775348194
1030 892.423294153539
1031 895.200814634426
1032 897.995624140437
1033 900.808015189619
1034 903.638285594062
1035 906.48673858907
1036 909.353682966039
1037 912.239433209202
1038 915.1443096363
1039 918.068638543424
1040 921.012752354043
1041 923.976989772476
1042 926.961695941887
1043 929.967222607006
1044 932.993928281707
1045 936.042178421656
1046 939.112345602164
1047 942.204809701446
1048 945.31995808953
1049 948.458185822908
1050 951.619895845265
1051 954.805499194415
1052 958.01541521569
1053 961.250071782073
1054 964.50990552125
1055 967.795362049871
1056 971.106896215302
1057 974.444972345148
1058 977.81006450479
1059 981.202656763314
1060 984.623243468102
1061 988.072329528445
1062 991.550430708496
1063 995.058073929957
1064 998.59579758486
1065 1002.16415185885
1066 1005.76369906538
1067 1009.39501399122
1068 1013.05868425382
1069 1016.75531067089
1070 1020.48550764276
1071 1024.24990354803
1072 1028.04914115303
1073 1031.8838780357
1074 1035.75478702444
1075 1039.66255665254
1076 1043.60789162894
1077 1047.59151332584
1078 1051.61416028413
1079 1055.67658873703
1080 1059.77957315308
1081 1063.92390679915
1082 1068.11040232427
1083 1072.33989236535
1084 1076.61323017562
1085 1080.93129027689
1086 1085.29496913655
1087 1089.70518587066
1088 1094.16288297397
1089 1098.66902707845
1090 1103.22460974131
1091 1107.83064826411
1092 1112.48818654421
1093 1117.19829596024
1094 1121.96207629299
1095 1126.78065668359
1096 1131.65519663058
1097 1136.58688702779
1098 1141.57695124512
1099 1146.626646254
1100 1151.73726380007
1101 1156.91013162506
1102 1162.1466147406
1103 1167.44811675633
1104 1172.81608126514
1105 1178.25199328838
1106 1183.75738078419
1107 1189.33381622202
1108 1194.9829182269
1109 1200.70635329709
1110 1206.50583759877
1111 1212.38313884216
1112 1218.34007824308
1113 1224.37853257478
1114 1230.50043631476
1115 1236.7077838918
1116 1243.00263203878
1117 1249.38710225704
1118 1255.86338339852
1119 1262.43373437237
1120 1269.10048698299
1121 1275.8660489071
1122 1282.73290681775
1123 1289.70362966394
1124 1296.78087211483
1125 1303.96737817833
1126 1311.26598500446
1127 1318.67962688458
1128 1326.2113394583
1129 1333.86426414092
1130 1341.64165278477
1131 1349.54687258923
1132 1357.58341127491
1133 1365.75488253875
1134 1374.06503180802
1135 1382.51774231246
1136 1391.11704149537
1137 1399.86710778575
1138 1408.77227775572
1139 1417.83705368868
1140 1427.0661115863
1141 1436.46430964418
1142 1446.03669722842
1143 1455.78852438813
1144 1465.72525194151
1145 1475.85256217632
1146 1486.17637020871
1147 1496.70283604831
1148 1507.43837742133
1149 1518.3896834077
1150 1529.56372895335
1151 1540.96779032369
1152 1552.60946157051
1153 1564.4966720904
1154 1576.6377053603
1155 1589.04121894319
1156 1601.71626586552
1157 1614.67231747733
1158 1627.91928791664
1159 1641.4675603107
1160 1655.32801486008
1161 1669.51205896489
1162 1684.03165956901
1163 1698.89937791477
1164 1714.1284069206
1165 1729.73261141536
1166 1745.72657148751
1167 1762.12562923395
1168 1778.94593922386
1169 1796.20452302656
1170 1813.91932819036
1171 1832.10929210213
1172 1850.79441120555
1173 1869.99581610985
1174 1889.73585318246
1175 1910.0381732881
1176 1930.92782841534
1177 1952.43137702086
1178 1974.57699902308
1179 1997.39462149221
1180 2020.91605621587
1181 2045.17515047033
1182 2070.20795250015
1183 2096.05289340817
1184 2122.75098738618
1185 2150.34605248089
1186 2178.88495439482
1187 2208.41787617606
1188 2238.99861706171
1189 2270.68492421944
1190 2303.53886169121
1191 2337.62722149926
1192 2373.02198264447
1193 2409.80082463561
1194 2448.04770325994
1195 2487.85349757813
1196 2529.31673863866
1197 2572.54443221298
1198 2617.65299001464
1199 2664.76928646625
1200 2714.03186121565
1201 2765.59229140499
1202 2819.61676232344
1203 2876.28787072892
1204 2935.80670206799
1205 2998.39523138863
1206 3064.29910836325
1207 3133.79090007968
1208 3207.17388185543
1209 3284.78648725691
1210 3367.00755505367
1211 3454.26254473666
1212 3547.03093581292
1213 3645.85508253195
1214 3751.35086935945
1215 3864.22060943273
1216 3985.26875686601
1217 4115.42117608814
1218 4255.74894451913
1219 4407.49798363971
1220 4572.12625431202
1221 4751.35086930752
1222 4947.20835137428
1223 5162.13252479639
1224 5399.05636928025
1225 5661.54690127574
1226 5953.98629106188
1227 6281.81882660267
1228 6651.89345470171
1229 7072.9480290702
1230 7556.30872389362
1231 8116.92507180028
1232 8774.94485709788
1233 9558.18864769071
1234 10506.1866128491
1235 11677.0636848637
1236 13159.9302770529
1237 15098.7044233548
1238 17741.9051555464
1239 21558.7853781918
1240 27554.3504991216
1241 38339.3632660447
1242 63470.390131771
1243 188424.319463217
1244 -189964.526240346
1245 -62652.764433651
1246 -37333.1236820858
1247 -26496.150960876
1248 -20479.2086647324
1249 -16651.5132676318
1250 -14002.098418411
1251 -12059.4319174037
1252 -10573.9706082421
1253 -9401.28091625137
1254 -8451.96995296725
1255 -7667.74748699957
1256 -7008.98139170335
1257 -6447.78544137909
1258 -5963.96802129807
1259 -5542.54943371802
1260 -5172.18219353168
1261 -4844.11304533657
1262 -4551.48168740999
1263 -4288.83531171518
1264 -4051.78525405674
1265 -3836.75947842097
1266 -3640.82107577547
1267 -3461.53311051396
1268 -3296.85657046656
1269 -3145.07233197347
1270 -3004.72079558081
1271 -2874.55469380918
1272 -2753.50183535081
1273 -2640.63542761837
1274 -2535.1502381521
1275 -2436.34329721645
1276 -2343.59816337861
1277 -2256.37200748711
1278 -2174.18494314337
1279 -2096.61116065181
1280 -2023.2715185428
1281 -1953.82732056272
1282 -1887.97506257202
1283 -1825.44197745367
1284 -1765.98224009222
1285 -1709.373721077
1286 -1655.41519874372
1287 -1603.92395579318
1288 -1554.73369998676
1289 -1507.69275905714
1290 -1462.66250855124
1291 -1419.51599827612
1292 -1378.13674868131
1293 -1338.41769314458
1294 -1300.26024593541
1295 -1263.5734787726
1296 -1228.27339149588
1297 -1194.28226453675
1298 -1161.52808268144
1299 -1129.94402113372
1300 -1099.46798615851
1301 -1070.04220366124
1302 -1041.61284996668
1303 -1014.1297198324
1304 -987.545927388387
1305 -961.817636254928
1306 -936.903815570671
1307 -912.766019074376
1308 -889.368184738291
1309 -866.676452756788
1310 -844.65899995783
1311 -823.285888934286
1312 -802.528930390577
1313 -782.361557373751
1314 -762.758710208778
1315 -743.696731090118
1316 -725.153267397121
1317 -707.107182902473
1318 -689.538476131945
1319 -672.428205212371
1320 -655.758418614249
1321 -639.512091256356
1322 -623.673065494379
1323 -608.225996563357
1324 -593.156302086732
1325 -578.450115302705
1326 -564.094241692399
1327 -550.076118724704
1328 -536.383778459644
1329 -523.005812776095
1330 -509.93134101158
1331 -497.149979821163
1332 -484.65181507983
1333 -472.427375668629
1334 -460.467608998793
1335 -448.763858140856
1336 -437.307840437419
1337 -426.09162748835
1338 -415.107626406792
1339 -404.348562252927
1340 -393.807461559883
1341 -383.477636873517
1342 -373.35267223397
1343 -363.426409532708
1344 -353.692935684114
1345 -344.14657055542
1346 -334.781855603208
1347 -325.59354316869
1348 -316.57658638762
1349 -307.726129674057
1350 -299.037499740306
1351 -290.506197118046
1352 -282.127888148361
1353 -273.898397410706
1354 -265.813700562936
1355 -257.869917566689
1356 -250.063306274043
1357 -242.390256353235
1358 -234.847283532704
1359 -227.431024144104
1360 -220.138229946435
1361 -212.965763214427
1362 -205.910592075636
1363 -198.96978608167
1364 -192.140511999938
1365 -185.420029813218
1366 -178.805688915158
1367 -172.294924490626
1368 -165.885254070493
1369 -159.57427425115
1370 -153.359657569605
1371 -147.239149525635
1372 -141.210565742996
1373 -135.271789262164
1374 -129.420767957521
1375 -123.655512072423
1376 -117.974091865887
1377 -112.374635365002
1378 -106.855326217673
1379 -101.414401640384
1380 -96.0501504562179
1381 -90.760911218452
1382 -85.5450704154794
1383 -80.401060752906
1384 -75.3273595090217
1385 -70.3224869600225
1386 -65.3850048715127
1387 -60.5135150530779
1388 -55.7066579729247
1389 -50.9631114295711
1390 -46.2815892780089
1391 -41.6608402076353
1392 -37.0996465695958
1393 -32.5968232511675
1394 -28.151216595011
1395 -23.7617033612596
1396 -19.4271897303997
1397 -15.1466103451593
1398 -10.9189273895886
1399 -6.7431297036693
1400 -2.61823193189787
1401 1.4567262957413
1402 5.4826811517687
1403 9.4605453695591
1404 13.3912089733668
1405 17.275539981199
1406 21.1143850817647
1407 24.9085702865613
1408 28.6589015581919
1409 32.3661654158943
1410 36.0311295192577
1411 39.6545432310255
1412 43.237138159853
1413 46.7796286838833
1414 50.2827124558379
1415 53.7470708905146
1416 57.1733696352609
1417 60.5622590242208
1418 63.9143745169479
1419 67.2303371220249
1420 70.5107538062779
1421 73.7562178901804
1422 76.9673094299274
1423 80.1445955867994
1424 83.2886309841685
1425 86.3999580527786
1426 89.479107364638
1427 92.526597955996
1428 95.5429376398143
1429 98.5286233081592
1430 101.48414122483
1431 104.409967308647
1432 107.306567407711
1433 110.174397564995
1434 113.013904275553
1435 115.825524735678
1436 118.609687084304
1437 121.366810636914
1438 124.09730611222
1439 126.801575851921
1440 129.480014033722
1441 132.133006877892
1442 134.760932847577
1443 137.364162843091
1444 139.943060390399
1445 142.497981823976
1446 145.02927646426
1447 147.537286789857
1448 150.022348604732
1449 152.484791200464
1450 154.924937513824
