0 47.8105464033169
1 47.8105464028953
2 47.8105464016459
3 47.8105463995697
4 47.8105463966659
5 47.8105463929352
6 47.8105463883772
7 47.8105463829915
8 47.8105463767787
9 47.810546369738
10 47.8105463618706
11 47.8105463531749
12 47.8105463436521
13 47.8105463333013
14 47.8105463221222
15 47.8105463101156
16 47.8105462972811
17 47.8105462836176
18 47.8105462691266
19 47.8105462538066
20 47.8105462376587
21 47.8105462206815
22 47.8105462028757
23 47.8105461842406
24 47.8105461647761
25 47.8105461444825
26 47.8105461233593
27 47.8105461014058
28 47.8105460786227
29 47.8105460550096
30 47.8105460305659
31 47.8105460052914
32 47.8105459791862
33 47.8105459522495
34 47.8105459244812
35 47.8105458958822
36 47.8105458664505
37 47.8105458361862
38 47.81054580509
39 47.8105457731618
40 47.8105457403995
41 47.810545706804
42 47.8105456723745
43 47.8105456371116
44 47.8105456010136
45 47.8105455640813
46 47.8105455263137
47 47.8105454877103
48 47.8105454482718
49 47.8105454079966
50 47.810545366885
51 47.8105453249362
52 47.8105452821502
53 47.810545238526
54 47.8105451940636
55 47.8105451487622
56 47.810545102622
57 47.8105450556418
58 47.8105450078217
59 47.8105449591614
60 47.8105449096593
61 47.8105448593156
62 47.8105448081299
63 47.8105447561009
64 47.8105447032298
65 47.8105446495146
66 47.8105445949546
67 47.8105445395498
68 47.8105444832995
69 47.8105444262033
70 47.8105443682601
71 47.8105443094695
72 47.8105442498311
73 47.8105441893443
74 47.810544128008
75 47.8105440658213
76 47.8105440027848
77 47.8105439388961
78 47.8105438741557
79 47.8105438085624
80 47.8105437421157
81 47.8105436748141
82 47.810543606658
83 47.8105435376459
84 47.8105434677769
85 47.8105433970508
86 47.8105433254661
87 47.8105432530227
88 47.8105431797179
89 47.8105431055533
90 47.8105430305264
91 47.8105429546372
92 47.8105428778837
93 47.8105428002663
94 47.8105427217822
95 47.8105426424321
96 47.8105425622145
97 47.8105424811281
98 47.8105423991725
99 47.8105423163454
100 47.8105422326471
101 47.8105421480755
102 47.8105420626299
103 47.8105419763094
104 47.8105418891123
105 47.8105418010379
106 47.8105417120846
107 47.8105416222513
108 47.8105415315371
109 47.8105414399398
110 47.810541347459
111 47.8105412540935
112 47.8105411598414
113 47.8105410647008
114 47.8105409686715
115 47.8105408717514
116 47.8105407739396
117 47.8105406752338
118 47.8105405756329
119 47.8105404751351
120 47.8105403737397
121 47.8105402714448
122 47.8105401682474
123 47.8105400641479
124 47.8105399591431
125 47.8105398532323
126 47.8105397464134
127 47.8105396386841
128 47.8105395300434
129 47.8105394204892
130 47.8105393100192
131 47.8105391986318
132 47.8105390863251
133 47.8105389730976
134 47.8105388589455
135 47.8105387438691
136 47.8105386278647
137 47.8105385109305
138 47.8105383930646
139 47.8105382742651
140 47.8105381545285
141 47.8105380338534
142 47.8105379122372
143 47.8105377896779
144 47.8105376661722
145 47.8105375417184
146 47.8105374163135
147 47.8105372899551
148 47.8105371626404
149 47.8105370343666
150 47.810536905131
151 47.8105367749322
152 47.8105366437645
153 47.8105365116275
154 47.8105363785169
155 47.8105362444296
156 47.8105361093633
157 47.8105359733134
158 47.8105358362788
159 47.8105356982541
160 47.8105355592377
161 47.810535419225
162 47.8105352782125
163 47.8105351361969
164 47.8105349931741
165 47.8105348491416
166 47.8105347040948
167 47.8105345580293
168 47.8105344109424
169 47.8105342628284
170 47.8105341136839
171 47.8105339635056
172 47.8105338122878
173 47.8105336600264
174 47.8105335067174
175 47.8105333523561
176 47.8105331969371
177 47.8105330404559
178 47.8105328829074
179 47.8105327242871
180 47.8105325645896
181 47.8105324038097
182 47.810532241942
183 47.8105320789812
184 47.8105319149206
185 47.8105317497553
186 47.8105315834799
187 47.8105314160882
188 47.8105312475726
189 47.8105310779284
190 47.8105309071485
191 47.8105307352264
192 47.8105305621558
193 47.81053038793
194 47.8105302125393
195 47.8105300359794
196 47.8105298582432
197 47.8105296793202
198 47.8105294992045
199 47.810529317889
200 47.8105291353646
201 47.8105289516215
202 47.810528766654
203 47.8105285804506
204 47.8105283930045
205 47.8105282043054
206 47.8105280143438
207 47.8105278231113
208 47.8105276305957
209 47.8105274367896
210 47.8105272416801
211 47.8105270452588
212 47.8105268475128
213 47.810526648432
214 47.8105264480053
215 47.8105262462185
216 47.8105260430625
217 47.8105258385234
218 47.8105256325895
219 47.8105254252462
220 47.8105252164805
221 47.8105250062796
222 47.8105247946277
223 47.8105245815124
224 47.8105243669172
225 47.8105241508277
226 47.8105239332265
227 47.8105237140999
228 47.8105234934296
229 47.8105232711991
230 47.8105230473919
231 47.8105228219875
232 47.8105225949691
233 47.8105223663175
234 47.8105221360126
235 47.8105219040366
236 47.8105216703656
237 47.8105214349798
238 47.810521197857
239 47.8105209589764
240 47.8105207183123
241 47.8105204758419
242 47.8105202315416
243 47.810519985386
244 47.8105197373475
245 47.8105194874015
246 47.8105192355191
247 47.8105189816733
248 47.8105187258345
249 47.8105184679715
250 47.8105182080557
251 47.810517946053
252 47.8105176819341
253 47.810517415661
254 47.8105171472016
255 47.810516876521
256 47.8105166035793
257 47.8105163283424
258 47.8105160507677
259 47.8105157708174
260 47.8105154884496
261 47.8105152036211
262 47.8105149162867
263 47.8105146264053
264 47.8105143339271
265 47.8105140388033
266 47.8105137409862
267 47.810513440423
268 47.8105131370651
269 47.8105128308553
270 47.8105125217384
271 47.8105122096552
272 47.8105118945519
273 47.8105115763637
274 47.810511255029
275 47.8105109304849
276 47.8105106026636
277 47.8105102714972
278 47.8105099369187
279 47.8105095988541
280 47.8105092572282
281 47.8105089119704
282 47.8105085629992
283 47.8105082102337
284 47.8105078536001
285 47.8105074930074
286 47.810507128372
287 47.8105067596111
288 47.810506386631
289 47.8105060093429
290 47.8105056276554
291 47.8105052414736
292 47.810504850702
293 47.8105044552451
294 47.8105040550052
295 47.8105036498851
296 47.8105032397822
297 47.8105028245992
298 47.8105024042392
299 47.8105019786
300 47.8105015475871
301 47.8105011110997
302 47.8105006690463
303 47.8105002213367
304 47.81049976788
305 47.8104993085953
306 47.8104988434049
307 47.810498372234
308 47.8104978950229
309 47.8104974117153
310 47.8104969222692
311 47.8104964266551
312 47.8104959248557
313 47.8104954168738
314 47.8104949027288
315 47.810494382467
316 47.8104938561564
317 47.8104933238915
318 47.8104927858066
319 47.8104922420659
320 47.8104916928766
321 47.8104911384942
322 47.8104905792174
323 47.8104900154112
324 47.8104894474972
325 47.8104888759602
326 47.8104883013715
327 47.8104877243811
328 47.8104871457203
329 47.8104865662255
330 47.8104859868311
331 47.8104854085849
332 47.8104848326536
333 47.810484260321
334 47.8104836930072
335 47.8104831322603
336 47.8104825797665
337 47.8104820373459
338 47.8104815069622
339 47.8104809906997
340 47.8104804907749
341 47.8104800095115
342 47.8104795493344
343 47.8104791127524
344 47.8104787023059
345 47.8104783205878
346 47.810477970164
347 47.810477653551
348 47.810477373177
349 47.8104771313247
350 47.8104769300909
351 47.8104767713334
352 47.8104766566158
353 47.8104765871558
354 47.8104765638066
355 47.8104765869801
356 47.8104766566512
357 47.8104767723168
358 47.8104769329942
359 47.810477137225
360 47.8104773830849
361 47.8104776682057
362 47.8104779898203
363 47.8104783448144
364 47.8104787297655
365 47.8104791410137
366 47.8104795747344
367 47.8104800269816
368 47.8104804937771
369 47.8104809711627
370 47.8104814552549
371 47.8104819423057
372 47.8104824287479
373 47.8104829112204
374 47.8104833866171
375 47.8104838520934
376 47.8104843050905
377 47.8104847433355
378 47.8104851648446
379 47.8104855679344
380 47.8104859511794
381 47.8104863134387
382 47.8104866538029
383 47.8104869716057
384 47.810487266387
385 47.8104875378779
386 47.810487785991
387 47.8104880107765
388 47.810488212429
389 47.8104883912427
390 47.8104885476216
391 47.8104886820476
392 47.8104887950591
393 47.8104888872542
394 47.8104889592653
395 47.8104890117651
396 47.8104890454385
397 47.8104890609829
398 47.8104890590999
399 47.8104890404977
400 47.8104890058666
401 47.8104889558965
402 47.8104888912634
403 47.8104888126202
404 47.8104887206097
405 47.8104886158466
406 47.8104884989332
407 47.8104883704456
408 47.8104882309333
409 47.8104880809307
410 47.8104879209414
411 47.8104877514567
412 47.8104875729316
413 47.8104873858129
414 47.8104871905196
415 47.8104869874489
416 47.8104867769824
417 47.8104865594749
418 47.8104863352752
419 47.8104861046981
420 47.8104858680568
421 47.8104856256371
422 47.810485377716
423 47.8104851245497
424 47.8104848663885
425 47.8104846034622
426 47.8104843359894
427 47.8104840641794
428 47.8104837882301
429 47.8104835083193
430 47.8104832246308
431 47.8104829373248
432 47.8104826465605
433 47.8104823524833
434 47.8104820552352
435 47.8104817549434
436 47.8104814517391
437 47.8104811457362
438 47.8104808370461
439 47.8104805257741
440 47.8104802120198
441 47.8104798958759
442 47.8104795774322
443 47.8104792567749
444 47.8104789339811
445 47.8104786091288
446 47.8104782822825
447 47.8104779535158
448 47.8104776228904
449 47.8104772904627
450 47.8104769562966
451 47.8104766204422
452 47.8104762829493
453 47.8104759438682
454 47.810475603244
455 47.8104752611212
456 47.8104749175394
457 47.8104745725383
458 47.8104742261535
459 47.8104738784227
460 47.8104735293764
461 47.810473179048
462 47.8104728274648
463 47.8104724746569
464 47.8104721206514
465 47.8104717654728
466 47.8104714091443
467 47.8104710516908
468 47.8104706931327
469 47.8104703334911
470 47.810469972785
471 47.8104696110325
472 47.8104692482531
473 47.8104688844607
474 47.8104685196762
475 47.8104681539081
476 47.8104677871761
477 47.8104674194908
478 47.8104670508646
479 47.8104666813129
480 47.8104663108449
481 47.8104659394718
482 47.8104655672053
483 47.8104651940559
484 47.8104648200307
485 47.8104644451392
486 47.8104640693923
487 47.8104636927949
488 47.8104633153563
489 47.8104629370856
490 47.8104625579869
491 47.8104621780677
492 47.8104617973352
493 47.8104614157957
494 47.8104610334521
495 47.8104606503135
496 47.8104602663835
497 47.8104598816646
498 47.8104594961633
499 47.8104591098859
500 47.8104587228347
501 47.8104583350122
502 47.8104579464261
503 47.8104575570761
504 47.8104571669688
505 47.8104567761058
506 47.810456384488
507 47.8104559921217
508 47.8104555990076
509 47.810455205151
510 47.8104548105503
511 47.8104544152114
512 47.8104540191329
513 47.810453622321
514 47.8104532247747
515 47.8104528264972
516 47.8104524274897
517 47.8104520277548
518 47.8104516272935
519 47.8104512261064
520 47.8104508241958
521 47.8104504215625
522 47.8104500182084
523 47.8104496141356
524 47.8104492093423
525 47.810448803831
526 47.8104483976049
527 47.8104479906617
528 47.8104475830041
529 47.8104471746309
530 47.8104467655456
531 47.8104463557459
532 47.8104459452347
533 47.8104455340124
534 47.8104451220793
535 47.8104447094359
536 47.8104442960811
537 47.8104438820168
538 47.8104434672455
539 47.8104430517628
540 47.810442635573
541 47.8104422186738
542 47.8104418010686
543 47.8104413827552
544 47.8104409637349
545 47.8104405440057
546 47.8104401235698
547 47.810439702428
548 47.8104392805784
549 47.8104388580235
550 47.810438434761
551 47.8104380107922
552 47.8104375861164
553 47.8104371607341
554 47.8104367346462
555 47.8104363078511
556 47.8104358803494
557 47.8104354521428
558 47.8104350232288
559 47.8104345936075
560 47.8104341632803
561 47.8104337322466
562 47.8104333005044
563 47.8104328680582
564 47.810432434903
565 47.8104320010396
566 47.8104315664698
567 47.8104311311927
568 47.8104306952087
569 47.8104302585156
570 47.8104298211157
571 47.8104293830072
572 47.8104289441912
573 47.8104285046659
574 47.8104280644318
575 47.810427623489
576 47.8104271818378
577 47.8104267394773
578 47.8104262964078
579 47.8104258526272
580 47.8104254081378
581 47.8104249629376
582 47.8104245170276
583 47.8104240704076
584 47.8104236230759
585 47.8104231750342
586 47.8104227262811
587 47.8104222768158
588 47.8104218266397
589 47.8104213757508
590 47.8104209241505
591 47.8104204718374
592 47.8104200188114
593 47.810419565074
594 47.8104191106222
595 47.8104186554587
596 47.8104181995798
597 47.8104177429881
598 47.810417285682
599 47.8104168276615
600 47.8104163689264
601 47.8104159094764
602 47.8104154493114
603 47.8104149884304
604 47.8104145268349
605 47.8104140645238
606 47.8104136014956
607 47.8104131377518
608 47.8104126732902
609 47.8104122081136
610 47.8104117422191
611 47.8104112756074
612 47.810410808278
613 47.8104103402314
614 47.8104098714658
615 47.8104094019826
616 47.8104089317805
617 47.8104084608599
618 47.8104079892199
619 47.8104075168609
620 47.8104070437822
621 47.8104065699853
622 47.8104060954668
623 47.8104056202283
624 47.8104051442697
625 47.8104046675912
626 47.81040419019
627 47.8104037120696
628 47.8104032332261
629 47.8104027536619
630 47.8104022733759
631 47.810401792368
632 47.8104013106377
633 47.8104008281841
634 47.810400345008
635 47.8103998611101
636 47.8103993764886
637 47.8103988911432
638 47.8103984050749
639 47.8103979182834
640 47.8103974307667
641 47.8103969425262
642 47.8103964535609
643 47.8103959638722
644 47.8103954734566
645 47.8103949823163
646 47.8103944904514
647 47.8103939978618
648 47.8103935045447
649 47.8103930105031
650 47.8103925157336
651 47.8103920202399
652 47.81039152402
653 47.8103910270719
654 47.8103905293965
655 47.8103900309949
656 47.8103895318662
657 47.8103890320098
658 47.8103885314255
659 47.8103880301136
660 47.8103875280735
661 47.8103870253062
662 47.8103865218091
663 47.8103860175839
664 47.8103855126301
665 47.8103850069471
666 47.8103845005343
667 47.8103839933928
668 47.8103834855233
669 47.8103829769214
670 47.8103824675927
671 47.8103819575303
672 47.8103814467404
673 47.8103809352195
674 47.8103804229673
675 47.8103799099862
676 47.8103793962727
677 47.8103788818282
678 47.8103783666527
679 47.8103778507473
680 47.8103773341084
681 47.8103768167384
682 47.8103762986374
683 47.8103757798028
684 47.8103752602376
685 47.8103747399405
686 47.8103742189086
687 47.8103736971474
688 47.8103731746502
689 47.8103726514215
690 47.8103721274598
691 47.8103716027647
692 47.810371077337
693 47.8103705511742
694 47.810370024278
695 47.8103694966493
696 47.8103689682862
697 47.8103684391882
698 47.8103679093576
699 47.8103673787919
700 47.8103668474911
701 47.8103663154562
702 47.8103657826855
703 47.810365249182
704 47.8103647149421
705 47.8103641799664
706 47.8103636442572
707 47.8103631078114
708 47.8103625706306
709 47.8103620327151
710 47.8103614940609
711 47.8103609546723
712 47.810360414549
713 47.8103598736883
714 47.810359332091
715 47.8103587897576
716 47.8103582466866
717 47.810357702881
718 47.8103571583373
719 47.8103566130572
720 47.8103560670402
721 47.8103555202862
722 47.8103549727944
723 47.8103544245653
724 47.8103538755987
725 47.8103533258941
726 47.8103527754518
727 47.8103522242732
728 47.8103516723559
729 47.8103511197006
730 47.8103505663073
731 47.8103500121747
732 47.8103494573037
733 47.8103489016955
734 47.8103483453486
735 47.810347788263
736 47.8103472304375
737 47.8103466718743
738 47.8103461125714
739 47.8103455525301
740 47.8103449917489
741 47.8103444302286
742 47.810343867969
743 47.8103433049709
744 47.8103427412331
745 47.8103421767544
746 47.8103416115364
747 47.8103410455783
748 47.8103404788821
749 47.8103399114437
750 47.8103393432662
751 47.8103387743481
752 47.8103382046889
753 47.8103376342917
754 47.8103370631519
755 47.810336491274
756 47.8103359186523
757 47.8103353452906
758 47.8103347711895
759 47.8103341963456
760 47.8103336207618
761 47.8103330444366
762 47.8103324673706
763 47.810331889563
764 47.8103313110148
765 47.810330731723
766 47.8103301516931
767 47.8103295709199
768 47.810328989405
769 47.8103284071476
770 47.8103278241503
771 47.8103272404102
772 47.810326655927
773 47.8103260707024
774 47.8103254847361
775 47.8103248980268
776 47.8103243105752
777 47.810323722383
778 47.8103231334468
779 47.8103225437689
780 47.8103219533488
781 47.8103213621849
782 47.8103207702781
783 47.81032017763
784 47.8103195842364
785 47.8103189901025
786 47.8103183952248
787 47.8103177996039
788 47.8103172032404
789 47.8103166061335
790 47.8103160082824
791 47.8103154096888
792 47.8103148103521
793 47.8103142102706
794 47.8103136094464
795 47.8103130078778
796 47.8103124055664
797 47.8103118025117
798 47.8103111987119
799 47.8103105941696
800 47.8103099888833
801 47.8103093828513
802 47.8103087760769
803 47.8103081685583
804 47.8103075602952
805 47.8103069512883
806 47.8103063415366
807 47.8103057310403
808 47.8103051198005
809 47.8103045078154
810 47.8103038950867
811 47.8103032816126
812 47.810302667393
813 47.8103020524316
814 47.8103014367228
815 47.8103008202696
816 47.8103002030723
817 47.810299585129
818 47.8102989664419
819 47.8102983470096
820 47.8102977268321
821 47.8102971059091
822 47.8102964842414
823 47.8102958618288
824 47.81029523867
825 47.8102946147661
826 47.8102939901169
827 47.8102933647227
828 47.810292738582
829 47.8102921116959
830 47.8102914840653
831 47.8102908556883
832 47.8102902265662
833 47.8102895966983
834 47.8102889660835
835 47.810288334724
836 47.810287702618
837 47.8102870697653
838 47.8102864361689
839 47.8102858018249
840 47.810285166735
841 47.8102845309006
842 47.8102838943178
843 47.8102832569889
844 47.8102826189144
845 47.8102819800929
846 47.810281340526
847 47.8102807002125
848 47.8102800591524
849 47.8102794173459
850 47.8102787747921
851 47.8102781314934
852 47.810277487447
853 47.8102768426545
854 47.8102761971144
855 47.8102755508284
856 47.8102749037948
857 47.8102742560152
858 47.810273607489
859 47.8102729582144
860 47.8102723081948
861 47.8102716574264
862 47.8102710059129
863 47.8102703536514
864 47.8102697006415
865 47.8102690468869
866 47.8102683923838
867 47.8102677371338
868 47.8102670811362
869 47.8102664243909
870 47.8102657668988
871 47.8102651086599
872 47.8102644496731
873 47.8102637899381
874 47.8102631294566
875 47.8102624682273
876 47.8102618062507
877 47.8102611435268
878 47.8102604800538
879 47.8102598158331
880 47.8102591508676
881 47.8102584851519
882 47.8102578186892
883 47.8102571514788
884 47.8102564835204
885 47.8102558148138
886 47.8102551453601
887 47.8102544751574
888 47.8102538042073
889 47.8102531325096
890 47.8102524600633
891 47.8102517868689
892 47.810251112927
893 47.8102504382361
894 47.8102497627974
895 47.8102490866112
896 47.8102484096755
897 47.8102477319921
898 47.8102470535609
899 47.8102463743812
900 47.8102456944533
901 47.8102450137768
902 47.8102443323517
903 47.810243650178
904 47.8102429672562
905 47.8102422835854
906 47.810241599167
907 47.8102409139999
908 47.8102402280839
909 47.8102395414188
910 47.8102388540058
911 47.8102381658445
912 47.8102374769328
913 47.8102367872733
914 47.8102360968659
915 47.8102354057081
916 47.8102347138022
917 47.8102340211475
918 47.810233327745
919 47.8102326335923
920 47.8102319386905
921 47.8102312430402
922 47.8102305466416
923 47.8102298494936
924 47.8102291515967
925 47.81022845295
926 47.8102277535543
927 47.8102270534102
928 47.8102263525161
929 47.8102256508749
930 47.8102249484818
931 47.8102242453409
932 47.8102235414515
933 47.8102228368101
934 47.8102221314223
935 47.8102214252847
936 47.8102207183959
937 47.81022001076
938 47.8102193023732
939 47.8102185932381
940 47.8102178833521
941 47.810217172719
942 47.810216461335
943 47.8102157492005
944 47.8102150363175
945 47.8102143226858
946 47.8102136083031
947 47.8102128931719
948 47.8102121772908
949 47.8102114606592
950 47.8102107432792
951 47.8102100251484
952 47.8102093062699
953 47.8102085866393
954 47.81020786626
955 47.8102071451296
956 47.8102064232515
957 47.8102057006225
958 47.8102049772444
959 47.8102042531151
960 47.8102035282369
961 47.8102028026101
962 47.8102020762309
963 47.8102013491032
964 47.8102006212253
965 47.810199892597
966 47.8101991632189
967 47.8101984330905
968 47.8101977022129
969 47.8101969705847
970 47.8101962382063
971 47.8101955050797
972 47.8101947712007
973 47.8101940365726
974 47.810193301192
975 47.8101925650642
976 47.8101918281853
977 47.8101910905566
978 47.8101903521772
979 47.8101896130479
980 47.8101888731675
981 47.8101881325376
982 47.8101873911564
983 47.810186649025
984 47.8101859061442
985 47.8101851625125
986 47.8101844181315
987 47.810183672999
988 47.8101829271165
989 47.8101821804831
990 47.8101814330998
991 47.8101806849651
992 47.8101799360813
993 47.8101791864462
994 47.8101784360608
995 47.8101776849243
996 47.8101769330381
997 47.810176180401
998 47.8101754270138
999 47.8101746728748
1000 47.8101739179866
1001 47.8101731623469
1002 47.8101724059565
1003 47.8101716488156
1004 47.8101708909251
1005 47.8101701322816
1006 47.8101693728885
1007 47.8101686127453
1008 47.8101678518512
1009 47.8101670902061
1010 47.8101663278097
1011 47.8101655646639
1012 47.8101648007659
1013 47.810164036117
1014 47.8101632707179
1015 47.8101625045677
1016 47.8101617376686
1017 47.8101609700161
1018 47.8101602016141
1019 47.8101594324584
1020 47.8101586625544
1021 47.8101578918993
1022 47.8101571204927
1023 47.8101563483365
1024 47.8101555754281
1025 47.8101548017678
1026 47.8101540273575
1027 47.8101532521966
1028 47.8101524762842
1029 47.810151699621
1030 47.8101509222059
1031 47.810150144041
1032 47.8101493651248
1033 47.8101485854562
1034 47.810147805038
1035 47.8101470238683
1036 47.8101462419472
1037 47.8101454592747
1038 47.8101446758504
1039 47.8101438916757
1040 47.8101431067497
1041 47.810142321073
1042 47.8101415346447
1043 47.8101407474648
1044 47.8101399595349
1045 47.8101391708515
1046 47.8101383814184
1047 47.8101375912343
1048 47.810136800298
1049 47.8101360086104
1050 47.8101352161726
1051 47.8101344229836
1052 47.8101336290422
1053 47.8101328343486
1054 47.8101320389048
1055 47.8101312427101
1056 47.8101304457621
1057 47.8101296480643
1058 47.8101288496145
1059 47.8101280504136
1060 47.8101272504615
1061 47.8101264497572
1062 47.810125648302
1063 47.8101248460948
1064 47.8101240431376
1065 47.8101232394265
1066 47.8101224349644
1067 47.8101216297523
1068 47.8101208237883
1069 47.810120017071
1070 47.8101192096032
1071 47.8101184013844
1072 47.8101175924135
1073 47.8101167826928
1074 47.8101159722175
1075 47.8101151609923
1076 47.8101143490144
1077 47.8101135362862
1078 47.810112722805
1079 47.8101119085741
1080 47.8101110935892
1081 47.8101102778534
1082 47.8101094613672
1083 47.8101086441275
1084 47.8101078261377
1085 47.8101070073942
1086 47.8101061879
1087 47.8101053676552
1088 47.8101045466581
1089 47.8101037249093
1090 47.8101029024071
1091 47.8101020791556
1092 47.8101012551491
1093 47.8101004303939
1094 47.810099604885
1095 47.8100987786252
1096 47.8100979516126
1097 47.81009712385
1098 47.8100962953334
1099 47.810095466067
1100 47.8100946360464
1101 47.8100938052762
1102 47.810092973753
1103 47.8100921414776
1104 47.8100913084505
1105 47.8100904746716
1106 47.8100896401418
1107 47.8100888048582
1108 47.8100879688248
1109 47.8100871320375
1110 47.8100862944992
1111 47.810085456208
1112 47.8100846171667
1113 47.8100837773718
1114 47.8100829368254
1115 47.8100820955272
1116 47.8100812534762
1117 47.8100804106741
1118 47.8100795671198
1119 47.810078722813
1120 47.8100778777544
1121 47.8100770319437
1122 47.8100761853804
1123 47.8100753380663
1124 47.8100744899994
1125 47.81007364118
1126 47.8100727916086
1127 47.8100719412851
1128 47.8100710902107
1129 47.8100702383832
1130 47.8100693858032
1131 47.8100685324727
1132 47.8100676783882
1133 47.8100668235526
1134 47.8100659679647
1135 47.8100651116235
1136 47.8100642545317
1137 47.8100633966861
1138 47.8100625380904
1139 47.810061678741
1140 47.8100608186397
1141 47.8100599577862
1142 47.8100590961798
1143 47.8100582338223
1144 47.8100573707118
1145 47.8100565068491
1146 47.8100556422345
1147 47.8100547768682
1148 47.8100539107487
1149 47.810053043876
1150 47.8100521762532
1151 47.8100513078766
1152 47.8100504387484
1153 47.8100495688676
1154 47.810048698235
1155 47.8100478268493
1156 47.8100469547122
1157 47.8100460818217
1158 47.8100452081786
1159 47.810044333784
1160 47.810043458637
1161 47.8100425827389
1162 47.810041706087
1163 47.8100408286823
1164 47.810039950526
1165 47.8100390716164
1166 47.8100381919558
1167 47.8100373115412
1168 47.8100364303752
1169 47.8100355484565
1170 47.8100346657861
1171 47.8100337823626
1172 47.8100328981869
1173 47.8100320132584
1174 47.8100311275779
1175 47.8100302411437
1176 47.8100293539582
1177 47.8100284660194
1178 47.8100275773306
1179 47.8100266878862
1180 47.810025797691
1181 47.8100249067424
1182 47.8100240150418
1183 47.8100231225885
1184 47.8100222293829
1185 47.8100213354247
1186 47.8100204407147
1187 47.8100195452508
1188 47.8100186490352
1189 47.8100177520679
1190 47.8100168543456
1191 47.8100159558717
1192 47.8100150566465
1193 47.8100141566675
1194 47.8100132559368
1195 47.8100123544542
1196 47.8100114522169
1197 47.8100105492279
1198 47.810009645488
1199 47.8100087409926
1200 47.8100078357449
1201 47.8100069297459
1202 47.8100060229944
1203 47.8100051154904
1204 47.8100042072316
1205 47.8100032982219
1206 47.8100023884607
1207 47.8100014779456
1208 47.8100005666779
1209 47.8099996546574
1210 47.809998741884
1211 47.8099978283579
1212 47.8099969140779
1213 47.8099959990486
1214 47.8099950832648
1215 47.8099941667274
1216 47.8099932494389
1217 47.809992331397
1218 47.809991412602
1219 47.8099904930543
1220 47.8099895727546
1221 47.809988651701
1222 47.8099877298962
1223 47.8099868073371
1224 47.8099858840275
1225 47.8099849599624
1226 47.8099840351465
1227 47.8099831095771
1228 47.8099821832544
1229 47.8099812561795
1230 47.8099803283522
1231 47.809979399772
1232 47.8099784704382
1233 47.8099775403525
1234 47.8099766095145
1235 47.8099756779232
1236 47.8099747455784
1237 47.8099738124812
1238 47.8099728786319
1239 47.8099719440286
1240 47.8099710086729
1241 47.8099700725649
1242 47.8099691357037
1243 47.809968198089
1244 47.809967259722
1245 47.809966320603
1246 47.8099653807301
1247 47.8099644401038
1248 47.8099634987256
1249 47.8099625565946
1250 47.8099616137107
1251 47.8099606700743
1252 47.8099597256845
1253 47.8099587805421
1254 47.8099578346459
1255 47.8099568879978
1256 47.8099559405955
1257 47.8099549924419
1258 47.8099540435354
1259 47.8099530938737
1260 47.8099521434619
1261 47.8099511922956
1262 47.8099502403765
1263 47.8099492877048
1264 47.8099483342813
1265 47.8099473801032
1266 47.8099464251724
1267 47.8099454694888
1268 47.8099445130516
1269 47.8099435558622
1270 47.8099425979207
1271 47.8099416392251
1272 47.8099406797765
1273 47.8099397195758
1274 47.8099387586212
1275 47.8099377969138
1276 47.8099368344545
1277 47.8099358712411
1278 47.8099349072751
1279 47.8099339425547
1280 47.8099329770824
1281 47.8099320108583
1282 47.80993104388
1283 47.809930076149
1284 47.8099291076644
1285 47.8099281384282
1286 47.8099271684373
1287 47.8099261976938
1288 47.8099252261983
1289 47.8099242539487
1290 47.8099232809464
1291 47.8099223071905
1292 47.8099213326817
1293 47.8099203574213
1294 47.8099193814071
1295 47.8099184046384
1296 47.8099174271181
1297 47.8099164488448
1298 47.8099154698177
1299 47.8099144900384
1300 47.8099135095048
1301 47.809912528219
1302 47.80991154618
1303 47.8099105633874
1304 47.809909579843
1305 47.8099085955442
1306 47.8099076104924
1307 47.8099066246879
1308 47.8099056381322
1309 47.8099046508208
1310 47.8099036627571
1311 47.8099026739398
1312 47.8099016843707
1313 47.809900694046
1314 47.8098997029706
1315 47.8098987111401
1316 47.8098977185582
1317 47.809896725222
1318 47.8098957311336
1319 47.8098947362908
1320 47.8098937406966
1321 47.8098927443479
1322 47.8098917472457
1323 47.8098907493911
1324 47.8098897507847
1325 47.8098887514226
1326 47.8098877513095
1327 47.8098867504432
1328 47.8098857488217
1329 47.8098847464485
1330 47.8098837433217
1331 47.809882739442
1332 47.8098817348097
1333 47.8098807294222
1334 47.8098797232837
1335 47.8098787163907
1336 47.8098777087453
1337 47.8098767003459
1338 47.809875691193
1339 47.8098746812876
1340 47.8098736706291
1341 47.8098726592171
1342 47.8098716470533
1343 47.8098706341338
1344 47.809869620463
1345 47.8098686060372
1346 47.8098675908594
1347 47.8098665749286
1348 47.8098655582444
1349 47.8098645408065
1350 47.8098635226158
1351 47.8098625036718
1352 47.8098614839736
1353 47.8098604635236
1354 47.8098594423192
1355 47.8098584203622
1356 47.8098573976518
1357 47.8098563741882
1358 47.8098553499719
1359 47.8098543250014
1360 47.8098532992765
1361 47.8098522728001
1362 47.8098512455707
1363 47.8098502175878
1364 47.8098491888506
1365 47.8098481593608
1366 47.8098471291176
1367 47.8098460981223
1368 47.8098450663718
1369 47.8098440338693
1370 47.8098430006126
1371 47.8098419666032
1372 47.8098409318402
1373 47.8098398963246
1374 47.809838860054
1375 47.809837823032
1376 47.8098367852551
1377 47.8098357467265
1378 47.809834707443
1379 47.8098336674083
1380 47.8098326266184
1381 47.8098315850755
1382 47.8098305427794
1383 47.8098294997304
1384 47.8098284559274
1385 47.8098274113714
1386 47.8098263660621
1387 47.8098253200001
1388 47.8098242731838
1389 47.8098232256135
1390 47.8098221772905
1391 47.8098211282151
1392 47.8098200783851
1393 47.8098190278021
1394 47.8098179764664
1395 47.8098169243764
1396 47.8098158715339
1397 47.8098148179375
1398 47.8098137635885
1399 47.8098127084845
1400 47.8098116526277
1401 47.8098105960186
1402 47.8098095386545
1403 47.8098084805396
1404 47.8098074216689
1405 47.8098063620458
1406 47.8098053016688
1407 47.8098042405392
1408 47.8098031786563
1409 47.8098021160182
1410 47.8098010526287
1411 47.8097999884847
1412 47.8097989235887
1413 47.8097978579376
1414 47.809796791533
1415 47.8097957243765
1416 47.809794656466
1417 47.8097935878024
1418 47.8097925183842
1419 47.8097914482134
1420 47.8097903772896
1421 47.8097893056111
1422 47.8097882331808
1423 47.8097871599949
1424 47.8097860860582
1425 47.8097850113651
1426 47.8097839359209
1427 47.8097828597227
1428 47.8097817827714
1429 47.8097807050656
1430 47.8097796266068
1431 47.8097785473947
1432 47.8097774674292
1433 47.8097763867105
1434 47.8097753052377
1435 47.8097742230133
1436 47.8097731400325
1437 47.8097720563007
1438 47.8097709718144
1439 47.8097698865735
1440 47.8097688005809
1441 47.8097677138341
1442 47.8097666263337
1443 47.8097655380807
1444 47.8097644490738
1445 47.8097633593129
1446 47.809762268798
1447 47.8097611775312
1448 47.8097600855097
1449 47.8097589927361
1450 47.8097578992089
1451 47.8097568049266
1452 47.8097557098926
1453 47.809754614104
1454 47.8097535175612
1455 47.8097524202665
1456 47.8097513222179
1457 47.8097502234157
1458 47.8097491238589
1459 47.8097480235506
1460 47.8097469224863
1461 47.80974582067
1462 47.8097447181001
1463 47.8097436147768
1464 47.8097425107
1465 47.8097414058694
1466 47.8097403002859
1467 47.8097391939486
1468 47.8097380868579
1469 47.8097369790136
1470 47.8097358704166
1471 47.809734761064
1472 47.8097336509589
1473 47.8097325401007
1474 47.8097314284879
1475 47.8097303161216
1476 47.8097292030029
1477 47.8097280891304
1478 47.8097269745038
1479 47.8097258591239
1480 47.8097247429919
1481 47.8097236261041
1482 47.8097225084635
1483 47.8097213900702
1484 47.8097202709229
1485 47.8097191510205
1486 47.8097180303668
1487 47.8097169089588
1488 47.8097157867978
1489 47.8097146638833
1490 47.8097135402134
1491 47.8097124157901
1492 47.8097112906154
1493 47.8097101646852
1494 47.8097090380021
1495 47.8097079105663
1496 47.8097067823761
1497 47.8097056534319
1498 47.8097045237338
1499 47.8097033932838
1500 47.8097022620785
1501 47.8097011301214
1502 47.8096999974098
1503 47.809698863944
1504 47.8096977297252
1505 47.809696594753
1506 47.8096954590269
1507 47.8096943225477
1508 47.8096931853142
1509 47.8096920473285
1510 47.8096909085874
1511 47.8096897690926
1512 47.8096886288469
1513 47.8096874878451
1514 47.80968634609
1515 47.8096852035825
1516 47.8096840603205
1517 47.8096829163049
1518 47.8096817715357
1519 47.8096806260133
1520 47.809679479737
1521 47.8096783327061
1522 47.8096771849243
1523 47.8096760363865
1524 47.8096748870952
1525 47.8096737370506
1526 47.8096725862534
1527 47.8096714347014
1528 47.8096702823962
1529 47.8096691293379
1530 47.8096679755263
1531 47.8096668209601
1532 47.8096656656394
1533 47.8096645095653
1534 47.8096633527398
1535 47.8096621951586
1536 47.8096610368247
1537 47.8096598777366
1538 47.8096587178946
1539 47.8096575573
1540 47.8096563959523
1541 47.8096552338485
1542 47.8096540709935
1543 47.8096529073852
1544 47.80965174302
1545 47.8096505779034
1546 47.8096494120336
1547 47.8096482454088
1548 47.8096470780298
1549 47.8096459098998
1550 47.8096447410134
1551 47.8096435713755
1552 47.8096424009836
1553 47.8096412298372
1554 47.8096400579382
1555 47.8096388852842
1556 47.8096377118762
1557 47.8096365377159
1558 47.8096353628019
1559 47.8096341871339
1560 47.8096330107112
1561 47.8096318335372
1562 47.8096306556081
1563 47.8096294769247
1564 47.809628297489
1565 47.8096271172989
1566 47.8096259363554
1567 47.8096247546566
1568 47.8096235722054
1569 47.8096223890023
1570 47.8096212050441
1571 47.8096200203316
1572 47.8096188348649
1573 47.809617648646
1574 47.8096164616733
1575 47.809615273946
1576 47.8096140854665
1577 47.8096128962307
1578 47.8096117062433
1579 47.8096105155023
1580 47.8096093240069
1581 47.8096081317577
1582 47.809606938755
1583 47.8096057449987
1584 47.8096045504897
1585 47.809603355226
1586 47.8096021592075
1587 47.8096009624371
1588 47.8095997649113
1589 47.8095985666334
1590 47.8095973676008
1591 47.8095961678151
1592 47.8095949672759
1593 47.8095937659831
1594 47.8095925639354
1595 47.8095913611336
1596 47.8095901575811
1597 47.8095889532728
1598 47.8095877482109
1599 47.8095865423956
1600 47.8095853358251
1601 47.8095841285036
1602 47.8095829204256
1603 47.8095817115948
1604 47.8095805020125
1605 47.8095792916749
1606 47.8095780805824
1607 47.8095768687374
1608 47.8095756561376
1609 47.8095744427852
1610 47.8095732286789
1611 47.8095720138196
1612 47.8095707982045
1613 47.8095695818368
1614 47.8095683647169
1615 47.8095671468414
1616 47.809565928213
1617 47.8095647088291
1618 47.8095634886942
1619 47.8095622678035
1620 47.8095610461598
1621 47.8095598237629
1622 47.8095586006117
1623 47.8095573767058
1624 47.8095561520472
1625 47.809554926634
1626 47.8095537004696
1627 47.8095524735499
1628 47.8095512458753
1629 47.8095500174496
1630 47.8095487882661
1631 47.8095475583315
1632 47.8095463276434
1633 47.8095450962007
1634 47.8095438640051
1635 47.8095426310543
1636 47.8095413973511
1637 47.809540162894
1638 47.8095389276825
1639 47.8095376917182
1640 47.8095364549989
1641 47.8095352175271
1642 47.809533979301
1643 47.8095327403201
1644 47.8095315005877
1645 47.8095302601
1646 47.8095290188584
1647 47.8095277768635
1648 47.8095265341155
1649 47.8095252906129
1650 47.8095240463555
1651 47.8095228013471
1652 47.8095215555832
1653 47.8095203090642
1654 47.8095190617935
1655 47.809517813768
1656 47.8095165649901
1657 47.8095153154569
1658 47.8095140651698
1659 47.8095128141309
1660 47.8095115623364
1661 47.8095103097893
1662 47.8095090564877
1663 47.8095078024324
1664 47.8095065476246
1665 47.8095052920593
1666 47.8095040357441
1667 47.809502778674
1668 47.8095015208486
1669 47.8095002622712
1670 47.8094990029402
1671 47.8094977428553
1672 47.8094964820149
1673 47.8094952204218
1674 47.8094939580744
1675 47.8094926949739
1676 47.8094914311196
1677 47.809490166511
1678 47.8094889011502
1679 47.8094876350334
1680 47.8094863681646
1681 47.8094851005404
1682 47.8094838321621
1683 47.809482563032
1684 47.8094812931479
1685 47.8094800225088
1686 47.809478751116
1687 47.80947747897
1688 47.8094762060709
1689 47.8094749324169
1690 47.8094736580097
1691 47.8094723828477
1692 47.8094711069309
1693 47.8094698302639
1694 47.80946855284
1695 47.8094672746625
1696 47.809465995735
1697 47.8094647160492
1698 47.8094634356114
1699 47.8094621544199
1700 47.8094608724739
1701 47.8094595897755
1702 47.8094583063209
1703 47.8094570221154
1704 47.8094557371533
1705 47.809454451439
1706 47.8094531649708
1707 47.8094518777467
1708 47.8094505897704
1709 47.8094493010408
1710 47.8094480115572
1711 47.8094467213199
1712 47.8094454303295
1713 47.8094441385837
1714 47.8094428460846
1715 47.8094415528321
1716 47.8094402588261
1717 47.8094389640646
1718 47.8094376685498
1719 47.8094363722824
1720 47.80943507526
1721 47.809433777484
1722 47.8094324789555
1723 47.8094311796711
1724 47.8094298796345
1725 47.8094285788439
1726 47.8094272772981
1727 47.8094259749992
1728 47.8094246719468
1729 47.8094233681404
1730 47.8094220635798
1731 47.8094207582649
1732 47.809419452197
1733 47.8094181453763
1734 47.8094168377992
1735 47.8094155294707
1736 47.8094142203876
1737 47.8094129105509
1738 47.8094115999594
1739 47.8094102886142
1740 47.8094089765149
1741 47.809407663664
1742 47.809406350058
1743 47.8094050356969
1744 47.8094037205822
1745 47.8094024047155
1746 47.809401088094
1747 47.8093997707188
1748 47.8093984525895
1749 47.8093971337067
1750 47.8093958140689
1751 47.8093944936783
1752 47.8093931725332
1753 47.8093918506339
1754 47.8093905279817
1755 47.8093892045747
1756 47.8093878804162
1757 47.809386555501
1758 47.809385229834
1759 47.8093839034117
1760 47.8093825762362
1761 47.8093812483059
1762 47.8093799196226
1763 47.8093785901871
1764 47.8093772599941
1765 47.8093759290506
1766 47.809374597352
1767 47.8093732648989
1768 47.8093719316925
1769 47.8093705977331
1770 47.8093692630174
1771 47.8093679275494
1772 47.8093665913292
1773 47.8093652543533
1774 47.8093639166239
1775 47.8093625781397
1776 47.8093612389014
1777 47.8093598989109
1778 47.8093585581661
1779 47.8093572166671
1780 47.8093558744143
1781 47.8093545314088
1782 47.8093531876471
1783 47.8093518431331
1784 47.8093504978643
1785 47.8093491518419
1786 47.8093478050658
1787 47.8093464575366
1788 47.8093451092528
1789 47.8093437602159
1790 47.8093424104238
1791 47.8093410598801
1792 47.8093397085795
1793 47.8093383565265
1794 47.8093370037198
1795 47.8093356501591
1796 47.809334295843
1797 47.8093329407748
1798 47.8093315849548
1799 47.8093302283768
1800 47.8093288710457
1801 47.8093275129627
1802 47.8093261541228
1803 47.809324794532
1804 47.8093234341868
1805 47.8093220730876
1806 47.8093207112344
1807 47.8093193486259
1808 47.8093179852652
1809 47.80931662115
1810 47.8093152562808
1811 47.8093138906582
1812 47.8093125242825
1813 47.8093111571511
1814 47.8093097892661
1815 47.8093084206267
1816 47.8093070512362
1817 47.8093056810904
1818 47.8093043101884
1819 47.8093029385353
1820 47.8093015661272
1821 47.8093001929653
1822 47.8092988190484
1823 47.80929744438
1824 47.8092960689559
1825 47.8092946927789
1826 47.8092933158479
1827 47.8092919381625
1828 47.8092905597224
1829 47.8092891805312
1830 47.8092878005839
1831 47.8092864198813
1832 47.8092850384288
1833 47.8092836562191
1834 47.8092822732582
1835 47.80928088954
1836 47.8092795050705
1837 47.8092781198462
1838 47.8092767338682
1839 47.8092753471371
1840 47.8092739596521
1841 47.8092725714118
1842 47.8092711824175
1843 47.8092697926702
1844 47.8092684021685
1845 47.8092670109142
1846 47.809265618905
1847 47.8092642261407
1848 47.8092628326247
1849 47.8092614383533
1850 47.8092600433289
1851 47.8092586475503
1852 47.8092572510173
1853 47.8092558537308
1854 47.8092544556904
1855 47.8092530568949
1856 47.8092516573485
1857 47.8092502570454
1858 47.8092488559894
1859 47.8092474541795
1860 47.8092460516147
1861 47.8092446482976
1862 47.8092432442249
1863 47.8092418394017
1864 47.8092404338217
1865 47.8092390274877
1866 47.8092376204009
1867 47.8092362125607
1868 47.8092348039634
1869 47.8092333946149
1870 47.8092319845115
1871 47.8092305736545
1872 47.8092291620428
1873 47.8092277496797
1874 47.809226336559
1875 47.8092249226875
1876 47.8092235080615
1877 47.8092220926806
1878 47.8092206765462
1879 47.8092192596581
1880 47.8092178420162
1881 47.8092164236196
1882 47.8092150044695
1883 47.8092135845659
1884 47.809212163908
1885 47.8092107424961
1886 47.8092093203313
1887 47.8092078974099
1888 47.8092064737376
1889 47.8092050493104
1890 47.8092036241284
1891 47.8092021981919
1892 47.8092007715033
1893 47.8091993440612
1894 47.8091979158641
1895 47.809196486911
1896 47.8091950572072
1897 47.8091936267494
1898 47.8091921955361
1899 47.8091907635708
1900 47.8091893308481
1901 47.8091878973739
1902 47.8091864631449
1903 47.8091850281617
1904 47.8091835924261
1905 47.8091821559361
1906 47.8091807186912
1907 47.8091792806937
1908 47.8091778419425
1909 47.8091764024363
1910 47.8091749621753
1911 47.809173521162
1912 47.8091720793935
1913 47.8091706368726
1914 47.8091691935954
1915 47.8091677495663
1916 47.8091663047846
1917 47.8091648592474
1918 47.8091634129531
1919 47.8091619659082
1920 47.8091605181103
1921 47.8091590695563
1922 47.8091576202489
1923 47.8091561701862
1924 47.8091547193717
1925 47.809153267804
1926 47.8091518154799
1927 47.8091503624053
1928 47.8091489085752
1929 47.8091474539886
1930 47.8091459986505
1931 47.8091445425577
1932 47.8091430857118
1933 47.809141628111
1934 47.809140169756
1935 47.8091387106481
1936 47.8091372507842
1937 47.8091357901679
1938 47.8091343287967
1939 47.8091328666741
1940 47.8091314037953
1941 47.8091299401623
1942 47.8091284757771
1943 47.8091270106394
1944 47.8091255447441
1945 47.8091240780953
1946 47.8091226106965
1947 47.8091211425397
1948 47.8091196736304
1949 47.8091182039667
1950 47.8091167335479
1951 47.8091152623754
1952 47.8091137904514
1953 47.8091123177726
1954 47.8091108443404
1955 47.8091093701528
1956 47.8091078952109
1957 47.8091064195144
1958 47.8091049430655
1959 47.8091034658641
1960 47.809101987905
1961 47.8091005091948
1962 47.8090990297301
1963 47.8090975495125
1964 47.8090960685382
1965 47.8090945868128
1966 47.8090931043304
1967 47.8090916210965
1968 47.8090901371071
1969 47.8090886523653
1970 47.8090871668682
1971 47.8090856806172
1972 47.8090841936137
1973 47.8090827058538
1974 47.8090812173425
1975 47.8090797280754
1976 47.8090782380566
1977 47.809076747281
1978 47.8090752557556
1979 47.8090737634708
1980 47.8090722704363
1981 47.8090707766457
1982 47.8090692821012
1983 47.8090677868044
1984 47.8090662907517
1985 47.8090647939452
1986 47.8090632963847
1987 47.8090617980705
1988 47.8090602990046
1989 47.8090587991826
1990 47.8090572986052
1991 47.8090557972777
1992 47.8090542951919
1993 47.8090527923553
1994 47.809051288765
1995 47.8090497844169
1996 47.8090482793194
1997 47.8090467734675
1998 47.8090452668582
1999 47.8090437594973
2000 47.8090422513805
2001 47.8090407425115
2002 47.8090392328882
2003 47.8090377225122
2004 47.8090362113816
2005 47.8090346994948
2006 47.8090331868573
2007 47.8090316734629
2008 47.8090301593155
2009 47.809028644416
2010 47.8090271287602
2011 47.8090256123504
2012 47.809024095188
2013 47.8090225772734
2014 47.8090210586002
2015 47.8090195391762
2016 47.8090180189973
2017 47.8090164980636
2018 47.8090149763776
2019 47.8090134539373
2020 47.8090119307416
2021 47.8090104067944
2022 47.8090088820916
2023 47.809007356635
2024 47.8090058304237
2025 47.8090043034592
2026 47.8090027757409
2027 47.8090012472687
2028 47.8089997180428
2029 47.808998188063
2030 47.808996657328
2031 47.8089951258402
2032 47.8089935935974
2033 47.8089920606003
2034 47.8089905268497
2035 47.8089889923467
2036 47.808987457087
2037 47.8089859210754
2038 47.8089843843099
2039 47.808982846791
2040 47.8089813085151
2041 47.8089797694876
2042 47.808978229706
2043 47.8089766891688
2044 47.8089751478799
2045 47.8089736058349
2046 47.8089720630382
2047 47.8089705194847
2048 47.8089689751813
2049 47.8089674301209
2050 47.8089658843067
2051 47.8089643377391
2052 47.8089627904168
2053 47.8089612423418
2054 47.8089596935128
2055 47.8089581439273
2056 47.8089565935895
2057 47.8089550424985
2058 47.8089534906516
2059 47.8089519380539
2060 47.8089503846989
2061 47.8089488305908
2062 47.8089472757301
2063 47.8089457201154
2064 47.8089441637447
2065 47.8089426066218
2066 47.8089410487443
2067 47.8089394901118
2068 47.8089379307253
2069 47.8089363705871
2070 47.8089348096928
2071 47.8089332480456
2072 47.8089316856461
2073 47.8089301224884
2074 47.8089285585789
2075 47.8089269939153
2076 47.8089254284996
2077 47.8089238623275
2078 47.8089222954033
2079 47.808920727725
2080 47.8089191592909
2081 47.8089175901037
2082 47.8089160201607
2083 47.8089144494673
2084 47.8089128780166
2085 47.8089113058126
2086 47.8089097328565
2087 47.8089081591462
2088 47.8089065846805
2089 47.8089050094618
2090 47.8089034334888
2091 47.8089018567606
2092 47.8089002792802
2093 47.8088987010459
2094 47.8088971220566
2095 47.808895542313
2096 47.8088939618167
2097 47.8088923805651
2098 47.8088907985606
2099 47.8088892158022
2100 47.8088876322881
2101 47.8088860480222
2102 47.8088844629999
2103 47.8088828772243
2104 47.8088812906954
2105 47.8088797034142
2106 47.8088781153752
2107 47.8088765265851
2108 47.8088749370407
2109 47.8088733467401
2110 47.8088717556893
2111 47.8088701638802
2112 47.8088685713201
2113 47.8088669780065
2114 47.8088653839393
2115 47.8088637891146
2116 47.8088621935378
2117 47.8088605972056
2118 47.8088590001207
2119 47.8088574022837
2120 47.808855803689
2121 47.8088542043439
2122 47.8088526042426
2123 47.8088510033882
2124 47.8088494017786
2125 47.8088477994157
2126 47.8088461962997
2127 47.8088445924286
2128 47.8088429878038
2129 47.8088413824263
2130 47.808839776293
2131 47.8088381694058
2132 47.8088365617652
2133 47.8088349533711
2134 47.808833344221
2135 47.8088317343187
2136 47.8088301236618
2137 47.8088285122525
2138 47.8088269000877
2139 47.8088252871683
2140 47.8088236734951
2141 47.8088220590681
2142 47.808820443886
2143 47.8088188279534
2144 47.8088172112648
2145 47.8088155938212
2146 47.8088139756256
2147 47.8088123566741
2148 47.8088107369698
2149 47.8088091165107
2150 47.8088074952978
2151 47.808805873333
2152 47.8088042506108
2153 47.8088026271359
2154 47.808801002908
2155 47.8087993779248
2156 47.808797752187
2157 47.8087961256971
2158 47.8087944984536
2159 47.8087928704539
2160 47.8087912417018
2161 47.8087896121942
2162 47.8087879819345
2163 47.8087863509194
2164 47.8087847191505
2165 47.808783086629
2166 47.8087814533512
2167 47.8087798193206
2168 47.8087781845355
2169 47.8087765489978
2170 47.8087749127058
2171 47.8087732756569
2172 47.8087716378571
2173 47.8087699993021
2174 47.8087683599928
2175 47.8087667199318
2176 47.8087650791131
2177 47.8087634375438
2178 47.8087617952188
2179 47.80876015214
2180 47.8087585083074
2181 47.8087568637218
2182 47.8087552183803
2183 47.8087535722836
2184 47.8087519254377
2185 47.8087502778336
2186 47.8087486294774
2187 47.8087469803671
2188 47.8087453305012
2189 47.8087436798825
2190 47.8087420285101
2191 47.8087403763839
2192 47.8087387235013
2193 47.8087370698667
2194 47.8087354154777
2195 47.8087337603368
2196 47.8087321044393
2197 47.8087304477878
2198 47.8087287903848
2199 47.8087271322251
2200 47.8087254733121
2201 47.8087238136448
2202 47.8087221532242
2203 47.8087204920505
2204 47.8087188301207
2205 47.8087171674368
2206 47.8087155040018
2207 47.8087138398096
2208 47.8087121748645
2209 47.8087105091662
2210 47.8087088427125
2211 47.8087071755075
2212 47.8087055075463
2213 47.8087038388318
2214 47.8087021693613
2215 47.8087004991393
2216 47.8086988281622
2217 47.808697156431
2218 47.808695483947
2219 47.8086938107064
2220 47.8086921367147
2221 47.808690461967
2222 47.8086887864663
2223 47.8086871102108
2224 47.8086854332017
2225 47.8086837554394
2226 47.8086820769231
2227 47.8086803976498
2228 47.8086787176249
2229 47.8086770368466
2230 47.8086753553128
2231 47.8086736730267
2232 47.8086719899841
2233 47.8086703061904
2234 47.8086686216403
2235 47.8086669363388
2236 47.8086652502807
2237 47.8086635634696
2238 47.8086618759051
2239 47.8086601875858
2240 47.8086584985122
2241 47.8086568086866
2242 47.8086551181047
2243 47.8086534267689
2244 47.8086517346793
2245 47.808650041836
2246 47.8086483482376
2247 47.8086466538875
2248 47.8086449587821
2249 47.8086432629229
2250 47.8086415663091
2251 47.8086398689432
2252 47.8086381708223
2253 47.8086364719447
2254 47.8086347723159
2255 47.8086330719332
2256 47.8086313707964
2257 47.8086296689046
2258 47.8086279662584
2259 47.8086262628589
2260 47.8086245587063
2261 47.808622853797
2262 47.8086211481355
2263 47.8086194417217
2264 47.8086177345503
2265 47.808616026628
2266 47.8086143179505
2267 47.808612608518
2268 47.8086108983334
2269 47.8086091873948
2270 47.8086074757008
2271 47.8086057632517
2272 47.8086040500511
2273 47.8086023360952
2274 47.8086006213849
2275 47.8085989059221
2276 47.8085971897041
2277 47.8085954727325
2278 47.8085937550071
2279 47.8085920365283
2280 47.8085903172933
2281 47.8085885973042
2282 47.8085868765636
2283 47.8085851550672
2284 47.8085834328188
2285 47.808581709814
2286 47.8085799860563
2287 47.8085782615437
2288 47.808576536277
2289 47.8085748102591
2290 47.8085730834836
2291 47.8085713559566
2292 47.8085696276745
2293 47.8085678986375
2294 47.8085661688467
2295 47.8085644383049
2296 47.8085627070063
2297 47.8085609749554
2298 47.8085592421493
2299 47.8085575085903
2300 47.8085557742741
2301 47.8085540392058
2302 47.8085523033843
2303 47.8085505668066
2304 47.8085488294775
2305 47.8085470913934
2306 47.8085453525542
2307 47.8085436129604
2308 47.8085418726175
2309 47.808540131516
2310 47.8085383896617
2311 47.8085366470525
2312 47.8085349036909
2313 47.8085331595735
2314 47.808531414704
2315 47.80852966908
2316 47.8085279226986
2317 47.8085261755698
2318 47.808524427683
2319 47.8085226790416
2320 47.8085209296465
2321 47.8085191794991
2322 47.8085174285956
2323 47.8085156769393
2324 47.8085139245285
2325 47.808512171366
2326 47.8085104174457
2327 47.8085086627736
2328 47.8085069073463
2329 47.8085051511668
2330 47.8085033942304
2331 47.8085016365395
2332 47.808499878098
2333 47.8084981189038
2334 47.8084963589534
2335 47.8084945982476
2336 47.8084928367869
2337 47.8084910745742
2338 47.8084893116079
2339 47.8084875478886
2340 47.808485783413
2341 47.8084840181823
2342 47.8084822521991
2343 47.8084804854636
2344 47.8084787179722
2345 47.8084769497264
2346 47.8084751807274
2347 47.808473410973
2348 47.808471640468
2349 47.8084698692056
2350 47.808468097192
2351 47.8084663244223
2352 47.8084645508988
2353 47.8084627766194
2354 47.8084610015893
2355 47.8084592258054
2356 47.8084574492664
2357 47.8084556719739
2358 47.8084538939244
2359 47.8084521151232
2360 47.8084503355687
2361 47.8084485552603
2362 47.8084467741961
2363 47.8084449923785
2364 47.8084432098063
2365 47.8084414264797
2366 47.8084396424034
2367 47.8084378575665
2368 47.8084360719797
2369 47.8084342856382
2370 47.8084324985417
2371 47.808430710692
2372 47.8084289220889
2373 47.8084271327321
2374 47.8084253426208
2375 47.8084235517527
2376 47.8084217601337
2377 47.8084199677612
2378 47.8084181746328
2379 47.8084163807495
2380 47.808414586113
2381 47.8084127907233
2382 47.8084109945802
2383 47.8084091976827
2384 47.8084074000306
2385 47.8084056016251
2386 47.8084038024619
2387 47.8084020025495
2388 47.8084002018821
2389 47.808398400462
2390 47.808396598283
2391 47.8083947953531
2392 47.8083929916694
2393 47.8083911872313
2394 47.8083893820394
2395 47.8083875760931
2396 47.8083857693938
2397 47.8083839619374
2398 47.8083821537292
2399 47.8083803447674
2400 47.8083785350509
2401 47.8083767245789
2402 47.8083749133548
2403 47.8083731013774
2404 47.8083712886438
2405 47.8083694751579
2406 47.8083676609193
2407 47.8083658459236
2408 47.8083640301753
2409 47.808362213672
2410 47.8083603964144
2411 47.808358578405
2412 47.8083567596389
2413 47.8083549401193
2414 47.8083531198469
2415 47.8083512988218
2416 47.8083494770377
2417 47.8083476545047
2418 47.8083458312174
2419 47.8083440071734
2420 47.8083421823766
2421 47.8083403568268
2422 47.8083385305202
2423 47.8083367034618
2424 47.8083348756464
2425 47.8083330470811
2426 47.8083312177583
2427 47.8083293876855
2428 47.8083275568559
2429 47.8083257252721
2430 47.8083238929319
2431 47.8083220598422
2432 47.8083202259981
2433 47.8083183913986
2434 47.808316556045
2435 47.8083147199376
2436 47.8083128830765
2437 47.8083110454608
2438 47.8083092070938
2439 47.8083073679677
2440 47.8083055280919
2441 47.8083036874577
2442 47.808301846073
2443 47.8083000039326
2444 47.8082981610406
2445 47.8082963173927
2446 47.8082944729896
2447 47.8082926278342
2448 47.8082907819236
2449 47.8082889352629
2450 47.8082870878444
2451 47.8082852396716
2452 47.8082833907451
2453 47.8082815410648
2454 47.8082796906316
2455 47.8082778394465
2456 47.8082759875028
2457 47.8082741348049
2458 47.8082722813576
2459 47.8082704271511
2460 47.8082685721941
2461 47.8082667164803
2462 47.8082648600181
2463 47.8082630027958
2464 47.8082611448208
2465 47.8082592860912
2466 47.8082574266112
2467 47.8082555663736
2468 47.808253705382
2469 47.8082518436382
2470 47.8082499811403
2471 47.8082481178897
2472 47.8082462538825
2473 47.8082443891223
2474 47.8082425236066
2475 47.8082406573392
2476 47.8082387903156
2477 47.8082369225403
2478 47.8082350540105
2479 47.8082331847235
2480 47.8082313146851
2481 47.8082294438916
2482 47.8082275723466
2483 47.8082257000451
2484 47.8082238269895
2485 47.8082219531816
2486 47.8082200786164
2487 47.8082182032997
2488 47.8082163272295
2489 47.8082144504054
2490 47.8082125728271
2491 47.8082106944942
2492 47.8082088154068
2493 47.8082069355663
2494 47.8082050549692
2495 47.80820317362
2496 47.8082012915171
2497 47.8081994086583
2498 47.8081975250488
2499 47.8081956406846
2500 47.8081937555652
2501 47.8081918696925
2502 47.8081899830634
2503 47.8081880956833
2504 47.8081862075479
2505 47.808184318657
2506 47.8081824290134
2507 47.8081805386165
2508 47.8081786474654
2509 47.8081767555593
2510 47.8081748629012
2511 47.8081729694873
2512 47.8081710753189
2513 47.8081691803939
2514 47.8081672847206
2515 47.8081653882907
2516 47.8081634911084
2517 47.8081615931687
2518 47.8081596944783
2519 47.8081577950301
2520 47.8081558948314
2521 47.8081539938784
2522 47.8081520921686
2523 47.8081501897084
2524 47.8081482864913
2525 47.80814638252
2526 47.8081444777987
2527 47.8081425723185
2528 47.8081406660873
2529 47.8081387591017
2530 47.8081368513599
2531 47.8081349428656
2532 47.8081330336171
2533 47.8081311236158
2534 47.8081292128587
2535 47.8081273013473
2536 47.8081253890817
2537 47.8081234760664
2538 47.8081215622921
2539 47.8081196477672
2540 47.8081177324856
2541 47.8081158164499
2542 47.8081138996626
2543 47.8081119821194
2544 47.8081100638236
2545 47.8081081447705
2546 47.8081062249676
2547 47.808104304408
2548 47.8081023830968
2549 47.8081004610304
2550 47.8080985382095
2551 47.808096614632
2552 47.8080946903047
2553 47.8080927652201
2554 47.8080908393849
2555 47.808088912794
2556 47.8080869854472
2557 47.8080850573485
2558 47.8080831284955
2559 47.8080811988897
2560 47.8080792685269
2561 47.8080773374136
2562 47.808075405542
2563 47.8080734729187
2564 47.8080715395443
2565 47.8080696054123
2566 47.8080676705265
2567 47.8080657348857
2568 47.8080637984912
2569 47.8080618613466
2570 47.8080599234432
2571 47.8080579847881
2572 47.80805604538
2573 47.8080541052153
2574 47.8080521642963
2575 47.8080502226242
2576 47.8080482802002
2577 47.8080463370201
2578 47.8080443930866
2579 47.808042448396
2580 47.8080405029556
2581 47.8080385567605
2582 47.8080366098119
2583 47.8080346621061
2584 47.8080327136481
2585 47.8080307644357
2586 47.8080288144703
2587 47.8080268637505
2588 47.8080249122764
2589 47.8080229600469
2590 47.8080210070671
2591 47.8080190533296
2592 47.8080170988391
2593 47.8080151435954
2594 47.8080131875961
2595 47.8080112308433
2596 47.8080092733369
2597 47.8080073150783
2598 47.8080053560638
2599 47.8080033962945
2600 47.8080014357707
2601 47.807999474495
2602 47.8079975124649
2603 47.8079955496809
2604 47.8079935861451
2605 47.807991621849
2606 47.807989656802
2607 47.8079876910022
2608 47.8079857244472
2609 47.8079837571381
2610 47.8079817890763
2611 47.8079798202587
2612 47.807977850688
2613 47.8079758803627
2614 47.8079739092848
2615 47.8079719374525
2616 47.8079699648639
2617 47.8079679915241
2618 47.8079660174268
2619 47.8079640425793
2620 47.8079620669752
2621 47.8079600906185
2622 47.807958113507
2623 47.8079561356417
2624 47.8079541570232
2625 47.8079521776505
2626 47.8079501975218
2627 47.807948216642
2628 47.8079462350063
2629 47.8079442526153
2630 47.8079422694728
2631 47.8079402855758
2632 47.8079383009234
2633 47.8079363155192
2634 47.8079343293583
2635 47.8079323424463
2636 47.8079303547773
2637 47.8079283663547
2638 47.8079263771797
2639 47.8079243872514
2640 47.8079223965656
2641 47.8079204051298
2642 47.807918412938
2643 47.8079164199904
2644 47.8079144262917
2645 47.8079124318385
2646 47.8079104366278
2647 47.8079084406672
2648 47.8079064439511
2649 47.8079044464821
2650 47.8079024482566
2651 47.8079004492795
2652 47.8078984495459
2653 47.8078964490607
2654 47.807894447821
2655 47.8078924458259
2656 47.8078904430785
2657 47.8078884395749
2658 47.807886435319
2659 47.807884430308
2660 47.8078824245431
2661 47.8078804180243
2662 47.8078784107539
2663 47.8078764027252
2664 47.807874393945
2665 47.8078723844115
2666 47.8078703741234
2667 47.8078683630791
2668 47.8078663512847
2669 47.8078643387327
2670 47.807862325429
2671 47.8078603113672
2672 47.8078582965557
2673 47.80785628099
2674 47.8078542646693
2675 47.8078522475939
2676 47.8078502297643
2677 47.8078482111818
2678 47.8078461918444
2679 47.8078441717544
2680 47.807842150908
2681 47.8078401293089
2682 47.8078381069581
2683 47.8078360838498
2684 47.8078340599872
2685 47.8078320353745
2686 47.8078300100031
2687 47.8078279838807
2688 47.8078259570029
2689 47.8078239293712
2690 47.8078219009843
2691 47.8078198718466
2692 47.8078178419524
2693 47.8078158113063
2694 47.8078137799052
2695 47.8078117477488
2696 47.8078097148391
2697 47.8078076811775
2698 47.8078056467583
2699 47.807803611587
2700 47.8078015756619
2701 47.8077995389801
2702 47.8077975015472
2703 47.8077954633602
2704 47.8077934244182
2705 47.8077913847221
2706 47.8077893442728
2707 47.8077873030694
2708 47.8077852611109
2709 47.8077832183988
2710 47.8077811749326
2711 47.8077791307118
2712 47.8077770857381
2713 47.8077750400094
2714 47.8077729935252
2715 47.8077709462915
2716 47.8077688983021
2717 47.8077668495578
2718 47.8077648000592
2719 47.8077627498067
2720 47.8077606988015
2721 47.8077586470387
2722 47.8077565945248
2723 47.807754541258
2724 47.8077524872356
2725 47.8077504324591
2726 47.8077483769266
2727 47.8077463206425
2728 47.8077442636046
2729 47.8077422058118
2730 47.807740147264
2731 47.8077380879633
2732 47.8077360279099
2733 47.8077339670998
2734 47.8077319055393
2735 47.8077298432224
2736 47.8077277801516
2737 47.8077257163261
2738 47.8077236517467
2739 47.8077215864154
2740 47.8077195203264
2741 47.8077174534838
2742 47.8077153858909
2743 47.8077133175433
2744 47.8077112484392
2745 47.8077091785804
2746 47.8077071079697
2747 47.8077050366043
2748 47.8077029644868
2749 47.807700891613
2750 47.8076988179861
2751 47.8076967436038
2752 47.8076946684701
2753 47.8076925925802
2754 47.8076905159374
2755 47.8076884385404
2756 47.8076863603882
2757 47.8076842814824
2758 47.8076822018242
2759 47.8076801214091
2760 47.8076780402405
2761 47.8076759583191
2762 47.8076738756435
2763 47.8076717922138
2764 47.8076697080306
2765 47.8076676230954
2766 47.8076655374026
2767 47.8076634509559
2768 47.8076613637576
2769 47.8076592758028
2770 47.8076571870958
2771 47.8076550976341
2772 47.8076530074162
2773 47.8076509164459
2774 47.8076488247219
2775 47.8076467322446
2776 47.8076446390132
2777 47.8076425450246
2778 47.8076404502858
2779 47.8076383547926
2780 47.8076362585447
2781 47.8076341615427
2782 47.8076320637854
2783 47.8076299652742
2784 47.8076278660094
2785 47.8076257659934
2786 47.8076236652214
2787 47.8076215636941
2788 47.8076194614152
2789 47.8076173583814
2790 47.8076152545911
2791 47.8076131500499
2792 47.807611044753
2793 47.8076089387021
2794 47.8076068318981
2795 47.8076047243381
2796 47.8076026160242
2797 47.8076005069586
2798 47.8075983971399
2799 47.8075962865638
2800 47.807594175235
2801 47.8075920631519
2802 47.807589950316
2803 47.8075878367239
2804 47.8075857223801
2805 47.8075836072817
2806 47.8075814914286
2807 47.8075793748224
2808 47.8075772574596
2809 47.8075751393453
2810 47.8075730204745
2811 47.8075709008541
2812 47.8075687804746
2813 47.8075666593453
2814 47.8075645374588
2815 47.8075624148214
2816 47.8075602914266
2817 47.8075581672794
2818 47.8075560423793
2819 47.8075539167252
2820 47.8075517903141
2821 47.807549663153
2822 47.807547535234
2823 47.8075454065611
2824 47.8075432771389
2825 47.8075411469581
2826 47.8075390160237
2827 47.8075368843376
2828 47.8075347518962
2829 47.8075326186983
2830 47.8075304847487
2831 47.8075283500478
2832 47.8075262145887
2833 47.8075240783767
2834 47.8075219414114
2835 47.8075198036902
2836 47.8075176652177
2837 47.8075155259896
2838 47.8075133860087
2839 47.8075112452699
2840 47.8075091037824
2841 47.8075069615375
2842 47.8075048185396
2843 47.8075026747876
2844 47.8075005302833
2845 47.8074983850237
2846 47.8074962390095
2847 47.8074940922399
2848 47.8074919447193
2849 47.8074897964428
2850 47.8074876474118
2851 47.8074854976283
2852 47.807483347089
2853 47.8074811957989
2854 47.8074790437514
2855 47.8074768909522
2856 47.8074747373983
2857 47.8074725830897
2858 47.8074704280261
2859 47.8074682722101
2860 47.8074661156402
2861 47.8074639583141
2862 47.8074618002358
2863 47.8074596414026
2864 47.8074574818174
2865 47.8074553214797
2866 47.8074531603833
2867 47.8074509985344
2868 47.8074488359338
2869 47.8074466725761
2870 47.807444508465
2871 47.8074423436006
2872 47.807440177981
2873 47.8074380116081
2874 47.8074358444813
2875 47.8074336766
2876 47.8074315079661
2877 47.8074293385772
2878 47.8074271684312
2879 47.8074249975364
2880 47.8074228258872
2881 47.8074206534808
2882 47.807418480322
2883 47.8074163064093
2884 47.8074141317395
2885 47.8074119563203
2886 47.8074097801478
2887 47.807407603216
2888 47.8074054255325
2889 47.807403247098
2890 47.8074010679069
2891 47.8073988879599
2892 47.8073967072612
2893 47.8073945258079
2894 47.8073923436014
2895 47.8073901606395
2896 47.8073879769245
2897 47.8073857924555
2898 47.8073836072322
2899 47.8073814212537
2900 47.8073792345224
2901 47.8073770470373
2902 47.8073748587971
2903 47.8073726698051
2904 47.8073704800556
2905 47.8073682895563
2906 47.8073660983001
2907 47.8073639062877
2908 47.8073617135258
2909 47.8073595200095
2910 47.8073573257373
2911 47.8073551307116
2912 47.8073529349304
2913 47.8073507383992
2914 47.8073485411086
2915 47.8073463430681
2916 47.8073441442726
2917 47.8073419447207
2918 47.8073397444184
2919 47.807337543363
2920 47.8073353415498
2921 47.8073331389816
2922 47.8073309356645
2923 47.8073287315895
2924 47.8073265267598
2925 47.8073243211797
2926 47.8073221148419
2927 47.8073199077533
2928 47.807317699909
2929 47.8073154913117
2930 47.8073132819582
2931 47.8073110718518
2932 47.807308860992
2933 47.8073066493781
2934 47.8073044370124
2935 47.8073022238872
2936 47.8073000100124
2937 47.80729779538
2938 47.8072955799972
2939 47.8072933638585
2940 47.8072911469644
2941 47.8072889293198
2942 47.8072867109184
2943 47.8072844917642
2944 47.8072822718564
2945 47.807280051192
2946 47.8072778297759
2947 47.8072756076057
2948 47.807273384681
2949 47.8072711610036
2950 47.8072689365699
2951 47.8072667113844
2952 47.8072644854446
2953 47.8072622587489
2954 47.8072600313005
2955 47.8072578030953
2956 47.8072555741413
2957 47.8072533444295
2958 47.8072511139658
2959 47.8072488827446
2960 47.8072466507737
2961 47.8072444180475
2962 47.8072421845674
2963 47.8072399503321
2964 47.807237715343
2965 47.8072354796
2966 47.8072332431019
2967 47.807231005853
2968 47.8072287678468
2969 47.8072265290876
2970 47.8072242895749
2971 47.8072220493068
2972 47.8072198082854
2973 47.8072175665107
2974 47.8072153239826
2975 47.8072130807005
2976 47.807210836659
2977 47.8072085918703
2978 47.8072063463245
2979 47.8072041000255
2980 47.8072018529734
2981 47.8071996051669
2982 47.8071973566048
2983 47.8071951072899
2984 47.8071928572199
2985 47.8071906063989
2986 47.807188354819
2987 47.80718610249
2988 47.8071838494002
2989 47.8071815955636
2990 47.8071793409685
2991 47.8071770856206
2992 47.8071748295215
2993 47.8071725726658
2994 47.8071703150551
2995 47.8071680566909
2996 47.8071657975741
2997 47.8071635377025
2998 47.807161277077
2999 47.8071590156971
3000 47.8071567535659
3001 47.8071544906773
3002 47.8071522270336
3003 47.8071499626393
3004 47.80714769749
3005 47.8071454315871
3006 47.8071431649263
3007 47.8071408975157
3008 47.8071386293511
3009 47.8071363604299
3010 47.8071340907569
3011 47.8071318203287
3012 47.8071295491464
3013 47.8071272772125
3014 47.8071250045197
3015 47.8071227310786
3016 47.8071204568797
3017 47.8071181819279
3018 47.807115906221
3019 47.8071136297573
3020 47.8071113525473
3021 47.8071090745794
3022 47.8071067958597
3023 47.8071045163824
3024 47.8071022361519
3025 47.8070999551679
3026 47.8070976734298
3027 47.8070953909361
3028 47.8070931076931
3029 47.8070908236912
3030 47.8070885389382
3031 47.8070862534283
3032 47.807083967166
3033 47.8070816801514
3034 47.8070793923817
3035 47.807077103856
3036 47.8070748145774
3037 47.8070725245447
3038 47.8070702337567
3039 47.8070679422192
3040 47.8070656499259
3041 47.8070633568748
3042 47.8070610630743
3043 47.8070587685183
3044 47.8070564732059
3045 47.8070541771409
3046 47.807051880324
3047 47.807049582753
3048 47.8070472844244
3049 47.8070449853456
3050 47.8070426855082
3051 47.8070403849231
3052 47.8070380835799
3053 47.8070357814839
3054 47.8070334786304
3055 47.8070311750292
3056 47.8070288706693
3057 47.8070265655554
3058 47.8070242596882
3059 47.8070219530671
3060 47.8070196456951
3061 47.807017337566
3062 47.8070150286815
3063 47.8070127190462
3064 47.8070104086546
3065 47.8070080975107
3066 47.8070057856124
3067 47.8070034729571
3068 47.807001159551
3069 47.8069988453935
3070 47.8069965304761
3071 47.8069942148052
3072 47.8069918983837
3073 47.8069895812062
3074 47.8069872632759
3075 47.8069849445939
3076 47.8069826251517
3077 47.8069803049586
3078 47.8069779840144
3079 47.8069756623121
3080 47.8069733398601
3081 47.8069710166475
3082 47.8069686926856
3083 47.8069663679689
3084 47.806964042496
3085 47.8069617162708
3086 47.8069593892931
3087 47.8069570615596
3088 47.8069547330739
3089 47.8069524038315
3090 47.8069500738358
3091 47.8069477430869
3092 47.8069454115852
3093 47.8069430793268
3094 47.8069407463152
3095 47.8069384125499
3096 47.8069360780303
3097 47.8069337427576
3098 47.8069314067319
3099 47.806929069951
3100 47.806926732416
3101 47.8069243941269
3102 47.8069220550816
3103 47.8069197152854
3104 47.806917374734
3105 47.8069150334301
3106 47.8069126913705
3107 47.8069103485558
3108 47.8069080049915
3109 47.8069056606689
3110 47.8069033155926
3111 47.8069009697646
3112 47.8068986231797
3113 47.8068962758411
3114 47.8068939277522
3115 47.8068915789061
3116 47.8068892293053
3117 47.8068868789522
3118 47.806884527847
3119 47.806882175985
3120 47.8068798233672
3121 47.8068774699995
3122 47.8068751158771
3123 47.806872760999
3124 47.8068704053676
3125 47.8068680489822
3126 47.8068656918398
3127 47.8068633339492
3128 47.8068609752982
3129 47.806858615899
3130 47.8068562557435
3131 47.8068538948336
3132 47.8068515331723
3133 47.8068491707532
3134 47.806846807581
3135 47.8068444436566
3136 47.8068420789762
3137 47.8068397135423
3138 47.8068373473553
3139 47.8068349804137
3140 47.8068326127171
3141 47.806830244268
3142 47.8068278750639
3143 47.8068255051065
3144 47.8068231343928
3145 47.8068207629295
3146 47.806818390708
3147 47.8068160177366
3148 47.8068136440052
3149 47.8068112695246
3150 47.8068088942922
3151 47.806806518299
3152 47.8068041415563
3153 47.8068017640608
3154 47.8067993858073
3155 47.8067970068006
3156 47.8067946270401
3157 47.8067922465267
3158 47.8067898652598
3159 47.8067874832374
3160 47.8067851004615
3161 47.8067827169334
3162 47.8067803326479
3163 47.8067779476102
3164 47.806775561818
3165 47.8067731752724
3166 47.8067707879704
3167 47.8067683999189
3168 47.8067660111119
3169 47.8067636215489
3170 47.8067612312339
3171 47.8067588401619
3172 47.8067564483392
3173 47.806754055759
3174 47.8067516624305
3175 47.806749268345
3176 47.8067468735022
3177 47.8067444779093
3178 47.8067420815619
3179 47.8067396844594
3180 47.8067372866025
3181 47.806734887996
3182 47.8067324886292
3183 47.8067300885108
3184 47.8067276876378
3185 47.8067252860124
3186 47.8067228836332
3187 47.8067204804997
3188 47.8067180766124
3189 47.8067156719699
3190 47.8067132665738
3191 47.806710860423
3192 47.806708453519
3193 47.8067060458625
3194 47.8067036374491
3195 47.8067012282826
3196 47.8066988183615
3197 47.8066964076898
3198 47.8066939962593
3199 47.8066915840793
3200 47.8066891711419
3201 47.8066867574533
3202 47.806684343006
3203 47.8066819278097
3204 47.8066795118572
3205 47.8066770951514
3206 47.8066746776926
3207 47.8066722594756
3208 47.8066698405096
3209 47.806667420787
3210 47.8066650003107
3211 47.8066625790816
3212 47.8066601570973
3213 47.8066577343564
3214 47.806655310865
3215 47.8066528866207
3216 47.8066504616216
3217 47.8066480358644
3218 47.8066456093549
3219 47.8066431820949
3220 47.80664075408
3221 47.8066383253102
3222 47.8066358957833
3223 47.8066334655073
3224 47.8066310344753
3225 47.8066286026882
3226 47.8066261701499
3227 47.8066237368542
3228 47.8066213028081
3229 47.8066188680017
3230 47.8066164324488
3231 47.8066139961344
3232 47.8066115590703
3233 47.8066091212529
3234 47.8066066826796
3235 47.806604243356
3236 47.8066018032737
3237 47.8065993624441
3238 47.806596920855
3239 47.8065944785109
3240 47.8065920354138
3241 47.8065895915642
3242 47.8065871469608
3243 47.8065847016025
3244 47.8065822554897
3245 47.8065798086254
3246 47.806577361006
3247 47.8065749126305
3248 47.806572463501
3249 47.8065700136178
3250 47.8065675629814
3251 47.8065651115932
3252 47.8065626594473
3253 47.8065602065482
3254 47.8065577528981
3255 47.8065552984909
3256 47.8065528433315
3257 47.8065503874168
3258 47.8065479307487
3259 47.8065454733251
3260 47.8065430151505
3261 47.8065405562192
3262 47.8065380965343
3263 47.806535636097
3264 47.8065331749053
3265 47.8065307129598
3266 47.8065282502586
3267 47.8065257868049
3268 47.8065233225966
3269 47.8065208576332
3270 47.8065183919176
3271 47.8065159254463
3272 47.8065134582228
3273 47.8065109902455
3274 47.8065085215132
3275 47.8065060520258
3276 47.8065035817876
3277 47.806501110792
3278 47.8064986390424
3279 47.80649616654
3280 47.806493693284
3281 47.8064912192761
3282 47.8064887445121
3283 47.806486268991
3284 47.8064837927215
3285 47.8064813156956
3286 47.8064788379128
3287 47.8064763593811
3288 47.8064738800907
3289 47.8064714000498
3290 47.8064689192542
3291 47.8064664377046
3292 47.8064639553988
3293 47.8064614723415
3294 47.8064589885276
3295 47.8064565039633
3296 47.8064540186419
3297 47.8064515325701
3298 47.8064490457399
3299 47.8064465581583
3300 47.8064440698219
3301 47.8064415807328
3302 47.8064390908864
3303 47.806436600287
3304 47.8064341089346
3305 47.8064316168303
3306 47.8064291239711
3307 47.8064266303569
3308 47.8064241359879
3309 47.806421640865
3310 47.80641914499
3311 47.8064166483624
3312 47.8064141509767
3313 47.8064116528393
3314 47.8064091539477
3315 47.8064066542974
3316 47.8064041538984
3317 47.8064016527453
3318 47.8063991508367
3319 47.8063966481754
3320 47.8063941447587
3321 47.8063916405877
3322 47.8063891356648
3323 47.8063866299861
3324 47.8063841235531
3325 47.806381616369
3326 47.8063791084268
3327 47.8063765997322
3328 47.8063740902857
3329 47.8063715800811
3330 47.8063690691282
3331 47.8063665574197
3332 47.8063640449536
3333 47.8063615317364
3334 47.8063590177618
3335 47.8063565030389
3336 47.8063539875558
3337 47.8063514713225
3338 47.8063489543363
3339 47.8063464365934
3340 47.8063439180972
3341 47.8063413988479
3342 47.8063388788442
3343 47.8063363580849
3344 47.8063338365738
3345 47.8063313143091
3346 47.8063287912883
3347 47.8063262675146
3348 47.8063237429854
3349 47.8063212177039
3350 47.8063186916649
3351 47.8063161648774
3352 47.8063136373368
3353 47.8063111090379
3354 47.8063085799842
3355 47.806306050181
3356 47.80630351962
3357 47.8063009883065
3358 47.8062984562378
3359 47.8062959234148
3360 47.8062933898402
3361 47.8062908555113
3362 47.8062883204258
3363 47.8062857845896
3364 47.806283247996
3365 47.8062807106513
3366 47.8062781725527
3367 47.8062756336976
3368 47.8062730940922
3369 47.8062705537288
3370 47.8062680126157
3371 47.8062654707429
3372 47.8062629281184
3373 47.8062603847394
3374 47.8062578406101
3375 47.8062552957245
3376 47.8062527500855
3377 47.8062502036906
3378 47.8062476565439
3379 47.8062451086433
3380 47.8062425599861
3381 47.8062400105755
3382 47.8062374604132
3383 47.8062349094975
3384 47.8062323578273
3385 47.806229805399
3386 47.8062272522196
3387 47.8062246982862
3388 47.8062221435995
3389 47.8062195881562
3390 47.8062170319615
3391 47.8062144750119
3392 47.8062119173069
3393 47.8062093588528
3394 47.8062067996401
3395 47.8062042396775
3396 47.8062016789523
3397 47.8061991174841
3398 47.8061965552565
3399 47.8061939922717
3400 47.8061914285381
3401 47.8061888640481
3402 47.8061862988043
3403 47.8061837328056
3404 47.8061811660568
3405 47.8061785985487
3406 47.8061760302914
3407 47.8061734612806
3408 47.8061708915127
3409 47.8061683209908
3410 47.8061657497155
3411 47.8061631776846
3412 47.806160604904
3413 47.8061580313648
3414 47.8061554570725
3415 47.8061528820283
3416 47.8061503062301
3417 47.806147729674
3418 47.8061451523696
3419 47.8061425743086
3420 47.8061399954924
3421 47.8061374159224
3422 47.8061348356019
3423 47.8061322545219
3424 47.8061296726932
3425 47.8061270901093
3426 47.806124506768
3427 47.8061219226759
3428 47.8061193378285
3429 47.806116752224
3430 47.8061141658732
3431 47.8061115787654
3432 47.8061089908991
3433 47.8061064022821
3434 47.8061038129146
3435 47.8061012227918
3436 47.8060986319118
3437 47.806096040275
3438 47.8060934478892
3439 47.8060908547499
3440 47.806088260856
3441 47.8060856662073
3442 47.8060830708035
3443 47.8060804746467
3444 47.8060778777355
3445 47.8060752800723
3446 47.8060726816531
3447 47.8060700824814
3448 47.8060674825514
3449 47.8060648818711
3450 47.8060622804369
3451 47.8060596782479
3452 47.8060570753069
3453 47.8060544716076
3454 47.8060518671591
3455 47.8060492619554
3456 47.8060466559969
3457 47.8060440492837
3458 47.8060414418189
3459 47.8060388335986
3460 47.8060362246234
3461 47.8060336148955
3462 47.8060310044126
3463 47.8060283931759
3464 47.8060257811845
3465 47.8060231684421
3466 47.8060205549417
3467 47.8060179406921
3468 47.8060153256842
3469 47.8060127099248
3470 47.8060100934095
3471 47.8060074761419
3472 47.8060048581194
3473 47.8060022393443
3474 47.8059996198129
3475 47.8059969995298
3476 47.8059943784919
3477 47.8059917566986
3478 47.8059891341536
3479 47.8059865108521
3480 47.8059838867985
3481 47.8059812619906
3482 47.8059786364283
3483 47.8059760101136
3484 47.8059733830434
3485 47.8059707552185
3486 47.8059681266422
3487 47.8059654973099
3488 47.8059628672249
3489 47.8059602363836
3490 47.8059576047901
3491 47.8059549724414
3492 47.8059523393397
3493 47.8059497054848
3494 47.8059470708771
3495 47.8059444355123
3496 47.8059417993933
3497 47.805939162523
3498 47.8059365248975
3499 47.805933886517
3500 47.8059312473843
3501 47.8059286074954
3502 47.8059259668546
3503 47.8059233254595
3504 47.8059206833086
3505 47.8059180404043
3506 47.8059153967484
3507 47.8059127523368
3508 47.8059101071693
3509 47.8059074612522
3510 47.8059048145793
3511 47.8059021671508
3512 47.8058995189686
3513 47.8058968700335
3514 47.8058942203455
3515 47.8058915699025
3516 47.8058889187044
3517 47.8058862667533
3518 47.8058836140479
3519 47.8058809605905
3520 47.8058783063771
3521 47.8058756514099
3522 47.8058729956878
3523 47.8058703392158
3524 47.8058676819863
3525 47.8058650239987
3526 47.8058623652653
3527 47.8058597057744
3528 47.8058570455297
3529 47.8058543845303
3530 47.8058517227758
3531 47.805849060272
3532 47.8058463970082
3533 47.8058437329956
3534 47.805841068226
3535 47.805838402704
3536 47.8058357364255
3537 47.8058330693967
3538 47.8058304016107
3539 47.8058277330745
3540 47.8058250637806
3541 47.805822393734
3542 47.8058197229324
3543 47.8058170513787
3544 47.8058143790708
3545 47.8058117060072
3546 47.8058090321931
3547 47.8058063576202
3548 47.8058036822974
3549 47.8058010062178
3550 47.8057983293871
3551 47.805795651799
3552 47.8057929734607
3553 47.8057902943666
3554 47.8057876145187
3555 47.8057849339135
3556 47.8057822525593
3557 47.8057795704498
3558 47.8057768875829
3559 47.8057742039672
3560 47.8057715195941
3561 47.8057688344691
3562 47.8057661485875
3563 47.8057634619548
3564 47.8057607745643
3565 47.8057580864257
3566 47.8057553975287
3567 47.8057527078792
3568 47.8057500174771
3569 47.8057473263177
3570 47.8057446344074
3571 47.8057419417412
3572 47.8057392483195
3573 47.8057365541465
3574 47.8057338592204
3575 47.8057311635391
3576 47.8057284671024
3577 47.8057257699123
3578 47.8057230719684
3579 47.8057203732726
3580 47.8057176738205
3581 47.8057149736165
3582 47.8057122726565
3583 47.8057095709419
3584 47.8057068684739
3585 47.8057041652547
3586 47.8057014612782
3587 47.8056987565504
3588 47.8056960510649
3589 47.8056933448289
3590 47.805690637838
3591 47.8056879300953
3592 47.8056852215939
3593 47.8056825123421
3594 47.8056798023342
3595 47.8056770915735
3596 47.8056743800591
3597 47.8056716677897
3598 47.8056689547669
3599 47.8056662409913
3600 47.8056635264602
3601 47.8056608111766
3602 47.8056580951385
3603 47.8056553783447
3604 47.8056526607984
3605 47.8056499424961
3606 47.8056472234416
3607 47.8056445036327
3608 47.8056417830713
3609 47.8056390617538
3610 47.8056363396827
3611 47.8056336168606
3612 47.8056308932801
3613 47.8056281689473
3614 47.8056254438629
3615 47.8056227180212
3616 47.8056199914297
3617 47.80561726408
3618 47.805614535978
3619 47.8056118071225
3620 47.8056090775105
3621 47.8056063471496
3622 47.8056036160299
3623 47.8056008841593
3624 47.8055981515321
3625 47.8055954181533
3626 47.8055926840161
3627 47.8055899491307
3628 47.8055872134889
3629 47.8055844770942
3630 47.8055817399438
3631 47.8055790020397
3632 47.8055762633832
3633 47.8055735239712
3634 47.8055707838031
3635 47.8055680428846
3636 47.8055653012124
3637 47.8055625587841
3638 47.8055598156025
3639 47.8055570716666
3640 47.805554326978
3641 47.8055515815357
3642 47.8055488353388
3643 47.8055460883855
3644 47.8055433406823
3645 47.8055405922232
3646 47.8055378430084
3647 47.805535093042
3648 47.8055323423212
3649 47.8055295908468
3650 47.8055268386184
3651 47.8055240856338
3652 47.8055213318979
3653 47.8055185774048
3654 47.8055158221617
3655 47.8055130661635
3656 47.8055103094132
3657 47.8055075519034
3658 47.805504793643
3659 47.8055020346313
3660 47.8054992748619
3661 47.8054965143387
3662 47.8054937530631
3663 47.8054909910307
3664 47.8054882282474
3665 47.8054854647094
3666 47.8054827004154
3667 47.8054799353698
3668 47.8054771695701
3669 47.8054744030176
3670 47.8054716357081
3671 47.8054688676471
3672 47.8054660988298
3673 47.8054633292583
3674 47.8054605589371
3675 47.8054577878563
3676 47.8054550160243
3677 47.80545224344
3678 47.8054494701015
3679 47.8054466960046
3680 47.8054439211584
3681 47.8054411455559
3682 47.805438369202
3683 47.8054355920931
3684 47.8054328142283
3685 47.8054300356091
3686 47.8054272562392
3687 47.8054244761142
3688 47.805421695233
3689 47.8054189136021
3690 47.8054161312137
3691 47.8054133480714
3692 47.8054105641762
3693 47.8054077795291
3694 47.8054049941254
3695 47.8054022079667
3696 47.8053994210569
3697 47.8053966333917
3698 47.8053938449714
3699 47.8053910558016
3700 47.8053882658706
3701 47.8053854751918
3702 47.8053826837593
3703 47.805379891569
3704 47.8053770986245
3705 47.8053743049295
3706 47.8053715104788
3707 47.8053687152744
3708 47.8053659193145
3709 47.8053631226037
3710 47.805360325138
3711 47.8053575269146
3712 47.8053547279424
3713 47.8053519282143
3714 47.8053491277298
3715 47.8053463264967
3716 47.8053435245059
3717 47.8053407217626
3718 47.8053379182645
3719 47.8053351140118
3720 47.8053323090047
3721 47.8053295032482
3722 47.8053266967311
3723 47.8053238894633
3724 47.8053210814422
3725 47.8053182726671
3726 47.8053154631394
3727 47.8053126528532
3728 47.8053098418165
3729 47.8053070300256
3730 47.8053042174804
3731 47.8053014041811
3732 47.8052985901256
3733 47.8052957753188
3734 47.8052929597595
3735 47.8052901434428
3736 47.8052873263743
3737 47.8052845085527
3738 47.8052816899728
3739 47.8052788706437
3740 47.8052760505584
3741 47.8052732297182
3742 47.8052704081259
3743 47.8052675857817
3744 47.8052647626767
3745 47.8052619388236
3746 47.8052591142153
3747 47.8052562888523
3748 47.8052534627356
3749 47.8052506358662
3750 47.8052478082433
3751 47.8052449798651
3752 47.8052421507283
3753 47.8052393208443
3754 47.8052364902039
3755 47.805233658809
3756 47.8052308266631
3757 47.805227993757
3758 47.8052251601054
3759 47.8052223256938
3760 47.8052194905321
3761 47.805216654611
3762 47.8052138179409
3763 47.8052109805134
3764 47.805208142335
3765 47.8052053034026
3766 47.8052024637134
3767 47.8051996232732
3768 47.805196782077
3769 47.8051939401268
3770 47.8051910974243
3771 47.8051882539657
3772 47.8051854097536
3773 47.8051825647884
3774 47.8051797190705
3775 47.8051768725979
3776 47.8051740253697
3777 47.8051711773903
3778 47.8051683286538
3779 47.8051654791635
3780 47.8051626289237
3781 47.8051597779265
3782 47.8051569261768
3783 47.8051540736701
3784 47.8051512204092
3785 47.8051483663983
3786 47.805145511633
3787 47.8051426561128
3788 47.8051397998368
3789 47.8051369428084
3790 47.8051340850272
3791 47.8051312264902
3792 47.8051283671986
3793 47.8051255071567
3794 47.8051226463592
3795 47.8051197848064
3796 47.8051169224985
3797 47.805114059439
3798 47.8051111956239
3799 47.8051083310589
3800 47.8051054657382
3801 47.8051025996616
3802 47.8050997328297
3803 47.8050968652477
3804 47.8050939969102
3805 47.8050911278192
3806 47.8050882579727
3807 47.8050853873735
3808 47.8050825160221
3809 47.8050796439127
3810 47.8050767710508
3811 47.8050738974369
3812 47.8050710230657
3813 47.8050681479456
3814 47.8050652720678
3815 47.8050623954381
3816 47.8050595180521
3817 47.8050566399138
3818 47.8050537610216
3819 47.8050508813748
3820 47.8050480009759
3821 47.8050451198199
3822 47.8050422379102
3823 47.8050393552491
3824 47.8050364718313
3825 47.8050335876601
3826 47.805030702736
3827 47.8050278170579
3828 47.8050249306269
3829 47.8050220434403
3830 47.8050191555008
3831 47.8050162668066
3832 47.8050133773581
3833 47.8050104871581
3834 47.8050075962034
3835 47.8050047044913
3836 47.8050018120293
3837 47.8049989188111
3838 47.8049960248396
3839 47.8049931301113
3840 47.8049902346337
3841 47.8049873384008
3842 47.8049844414146
3843 47.8049815436721
3844 47.8049786451777
3845 47.8049757459298
3846 47.8049728459256
3847 47.8049699451692
3848 47.8049670436558
3849 47.8049641413918
3850 47.8049612383744
3851 47.8049583346009
3852 47.8049554300751
3853 47.8049525247934
3854 47.8049496187593
3855 47.8049467119697
3856 47.8049438044288
3857 47.8049408961327
3858 47.8049379870828
3859 47.8049350772793
3860 47.8049321667198
3861 47.8049292554078
3862 47.8049263433397
3863 47.8049234305227
3864 47.8049205169474
3865 47.8049176026194
3866 47.8049146875397
3867 47.8049117717014
3868 47.804908855111
3869 47.8049059377684
3870 47.8049030196714
3871 47.8049001008201
3872 47.8048971812136
3873 47.8048942608582
3874 47.8048913397411
3875 47.804888417874
3876 47.804885495255
3877 47.8048825718806
3878 47.8048796477525
3879 47.8048767228673
3880 47.8048737972299
3881 47.8048708708387
3882 47.8048679436953
3883 47.8048650157962
3884 47.8048620871449
3885 47.8048591577376
3886 47.8048562275763
3887 47.8048532966612
3888 47.8048503649954
3889 47.8048474325724
3890 47.8048444993971
3891 47.8048415654677
3892 47.804838630782
3893 47.8048356953436
3894 47.8048327591528
3895 47.8048298222037
3896 47.8048268845068
3897 47.8048239460525
3898 47.8048210068466
3899 47.8048180668855
3900 47.8048151261696
3901 47.8048121846983
3902 47.8048092424775
3903 47.8048062994968
3904 47.80480335577
3905 47.8048004112819
3906 47.804797466044
3907 47.8047945200504
3908 47.8047915733028
3909 47.8047886258033
3910 47.8047856775497
3911 47.8047827285394
3912 47.8047797787784
3913 47.8047768282609
3914 47.8047738769917
3915 47.8047709249642
3916 47.8047679721883
3917 47.8047650186529
3918 47.8047620643675
3919 47.8047591093289
3920 47.8047561535364
3921 47.8047531969848
3922 47.8047502396829
3923 47.8047472816294
3924 47.8047443228193
3925 47.8047413632544
3926 47.804738402936
3927 47.804735441865
3928 47.8047324800414
3929 47.8047295174627
3930 47.804726554128
3931 47.8047235900398
3932 47.8047206251992
3933 47.8047176596022
3934 47.8047146932551
3935 47.804711726151
3936 47.8047087582946
3937 47.8047057896849
3938 47.8047028203194
3939 47.8046998502001
3940 47.8046968793269
3941 47.8046939077024
3942 47.8046909353213
3943 47.8046879621872
3944 47.8046849883003
3945 47.804682013656
3946 47.804679038259
3947 47.8046760621074
3948 47.8046730852085
3949 47.8046701075504
3950 47.8046671291368
3951 47.8046641499709
3952 47.8046611700502
3953 47.8046581893758
3954 47.8046552079525
3955 47.8046522257676
3956 47.8046492428325
3957 47.8046462591434
3958 47.8046432747005
3959 47.8046402895003
3960 47.8046373035507
3961 47.804634316847
3962 47.8046313293887
3963 47.8046283411754
3964 47.8046253522099
3965 47.8046223624897
3966 47.8046193720154
3967 47.8046163807854
3968 47.8046133888035
3969 47.8046103960654
3970 47.8046074025749
3971 47.8046044083314
3972 47.8046014133305
3973 47.8045984175833
3974 47.804595421077
3975 47.8045924238165
3976 47.8045894258032
3977 47.8045864270329
3978 47.8045834275096
3979 47.8045804272355
3980 47.8045774262029
3981 47.8045744244231
3982 47.8045714218852
3983 47.8045684185967
3984 47.8045654145511
3985 47.8045624097508
3986 47.8045594041958
3987 47.8045563978912
3988 47.804553390828
3989 47.8045503830132
3990 47.8045473744457
3991 47.8045443651239
3992 47.8045413550465
3993 47.8045383442182
3994 47.8045353326309
3995 47.8045323202916
3996 47.8045293072009
3997 47.804526293356
3998 47.8045232787544
3999 47.8045202633992
4000 47.8045172472917
