0 -1.11648734598623e-10
1 -0.000160225327014344
2 -0.000320450543118196
3 -0.000480675760493909
4 -0.000640900978945153
5 -0.000801126199278849
6 -0.000961351421703403
7 -0.00112157664657312
8 -0.00128180187384795
9 -0.00144202710440028
10 -0.00160225233840188
11 -0.00176247757559307
12 -0.00192270281725223
13 -0.00208292806294753
14 -0.0022431533133102
15 -0.00240337856906172
16 -0.00256360382959335
17 -0.00272382909614225
18 -0.00288405436799089
19 -0.00304427964673627
20 -0.00320450493174728
21 -0.00336473022366087
22 -0.00352495552286125
23 -0.00368518082967553
24 -0.00384540614432611
25 -0.0040056314673815
26 -0.00416585679917124
27 -0.00432608213928805
28 -0.00448630748891476
29 -0.00464653284807305
30 -0.00480675821716441
31 -0.0049669835965319
32 -0.00512720898663116
33 -0.00528743438743125
34 -0.00544765979952177
35 -0.00560788522318785
36 -0.00576811065886507
37 -0.00592833610669942
38 -0.00608856156740136
39 -0.00624878704083365
40 -0.00640901252763026
41 -0.00656923802816246
42 -0.00672946354267344
43 -0.00688968907173146
44 -0.00704991461529749
45 -0.0072101401740576
46 -0.00737036574812805
47 -0.00753059133785443
48 -0.00769081694409108
49 -0.00785104256673054
50 -0.00801126820584034
51 -0.00817149386280372
52 -0.00833171953693137
53 -0.00849194522917739
54 -0.00865217093976739
55 -0.00881239666871571
56 -0.00897262241726992
57 -0.00913284818489818
58 -0.00929307397260307
59 -0.00945329978029849
60 -0.00961352560864393
61 -0.00977375145783523
62 -0.0099339773286383
63 -0.010094203220759
64 -0.0102544291354854
65 -0.0104146550724705
66 -0.0105748810324632
67 -0.0107351070154176
68 -0.0108953330220023
69 -0.0110555590531358
70 -0.0112157851087142
71 -0.0113760111890558
72 -0.0115362372946331
73 -0.0116964634259761
74 -0.011856689583239
75 -0.0120169157671847
76 -0.0121771419781308
77 -0.0123373682163571
78 -0.0124975944823687
79 -0.0126578207767474
80 -0.0128180470994667
81 -0.01297827345148
82 -0.0131384998330337
83 -0.0132987262445441
84 -0.013458952685934
85 -0.0136191791584408
86 -0.0137794056623101
87 -0.0139396321979644
88 -0.0140998587655389
89 -0.0142600853656908
90 -0.0144203119989116
91 -0.0145805386656665
92 -0.0147407653663057
93 -0.0149009921015299
94 -0.0150612188716577
95 -0.0152214456770074
96 -0.0153816725183069
97 -0.015541899395842
98 -0.0157021263102288
99 -0.015862353261947
100 -0.0160225802513095
101 -0.0161828072791639
102 -0.0163430343456104
103 -0.0165032614514317
104 -0.0166634885969142
105 -0.0168237157825356
106 -0.0169839430090504
107 -0.0171441702769824
108 -0.0173043975866868
109 -0.0174646249384791
110 -0.0176248523334684
111 -0.0177850797713609
112 -0.0179453072534783
113 -0.0181055347800719
114 -0.0182657623512066
115 -0.0184259899682747
116 -0.0185862176312877
117 -0.0187464453409473
118 -0.018906673097779
119 -0.0190669009021576
120 -0.0192271287550774
121 -0.0193873566566963
122 -0.0195475846076815
123 -0.019707812608759
124 -0.0198680406603167
125 -0.0200282687631474
126 -0.0201884969173465
127 -0.020348725124152
128 -0.0205089533838571
129 -0.020669181697091
130 -0.0208294100646444
131 -0.0209896384863817
132 -0.0211498669637018
133 -0.0213100954971388
134 -0.0214703240870107
135 -0.0216305527337665
136 -0.021790781438564
137 -0.021951010201757
138 -0.022111239023999
139 -0.0222714679060342
140 -0.0224316968482707
141 -0.022591925851343
142 -0.0227521549163696
143 -0.0229123840432079
144 -0.0230726132332311
145 -0.0232328424868245
146 -0.0233930718045237
147 -0.0235533011872272
148 -0.0237135306355353
149 -0.0238737601498989
150 -0.0240339897310997
151 -0.0241942193797772
152 -0.0243544490971845
153 -0.0245146788830738
154 -0.0246749087387791
155 -0.0248351386645311
156 -0.0249953686615661
157 -0.0251555987298992
158 -0.0253158288707107
159 -0.0254760590843251
160 -0.0256362893719337
161 -0.0257965197337614
162 -0.0259567501708151
163 -0.0261169806835147
164 -0.0262772112730444
165 -0.0264374419392317
166 -0.026597672683608
167 -0.0267579035061823
168 -0.0269181344082053
169 -0.0270783653900364
170 -0.0272385964521768
171 -0.0273988275963698
172 -0.0275590588216347
173 -0.0277192901303582
174 -0.0278795215213813
175 -0.0280397529969902
176 -0.0281999845574719
177 -0.0283602162024848
178 -0.0285204479338383
179 -0.0286806797520585
180 -0.0288409116568164
181 -0.0290011436495043
182 -0.0291613757307866
183 -0.0293216079008458
184 -0.0294818401608248
185 -0.0296420725106991
186 -0.0298023049513521
187 -0.0299625374833441
188 -0.0301227701071464
189 -0.030283002823396
190 -0.0304432356321515
191 -0.0306034685346575
192 -0.0307637015307428
193 -0.0309239346210989
194 -0.0310841678057872
195 -0.0312444010857495
196 -0.0314046344607923
197 -0.0315648679318832
198 -0.0317251014994393
199 -0.0318853351624086
200 -0.0320455689220335
201 -0.0322058027784985
202 -0.0323660367318569
203 -0.0325262707820464
204 -0.0326865049291417
205 -0.0328467391733426
206 -0.0330069735147241
207 -0.0331672079529239
208 -0.03332744248776
209 -0.033487677119456
210 -0.0336479118467396
211 -0.0338081466709617
212 -0.0339683815904766
213 -0.0341286166049289
214 -0.0342888517137189
215 -0.0344490869159128
216 -0.0346093222118629
217 -0.0347695575998085
218 -0.0349297930788988
219 -0.0350900286487361
220 -0.0352502643070286
221 -0.0354105000530634
222 -0.0355707358862651
223 -0.0357309718036308
224 -0.0358912078046862
225 -0.0360514438862394
226 -0.0362116800473103
227 -0.036371916285558
228 -0.036532152598593
229 -0.0366923889836302
230 -0.0368526254379162
231 -0.0370128619586542
232 -0.0371730985425841
233 -0.0373333351863198
234 -0.0374935718859216
235 -0.0376538086378206
236 -0.0378140454373877
237 -0.0379742822810317
238 -0.0381345191631067
239 -0.038294756077457
240 -0.0384549930201499
241 -0.0386152299846376
242 -0.0387754669640955
243 -0.038935703952832
244 -0.0390959409431124
245 -0.039256177926936
246 -0.0394164148970296
247 -0.039576651843533
248 -0.0397368887574037
249 -0.0398971256297725
250 -0.0400573624496978
251 -0.0402175992052185
252 -0.0403778358855274
253 -0.0405380724774013
254 -0.0406983089674562
255 -0.0408585453414075
256 -0.0410187815846206
257 -0.0411790176811527
258 -0.041339253612623
259 -0.0414994893623553
260 -0.0416597249101171
261 -0.041819960235241
262 -0.0419801953160601
263 -0.0421404301308099
264 -0.0423006646525272
265 -0.0424608988564792
266 -0.042621132716231
267 -0.0427813661987861
268 -0.0429415992765358
269 -0.0431018319138078
270 -0.0432620640769446
271 -0.0434222957268059
272 -0.0435825268249285
273 -0.043742757329253
274 -0.0439029871933037
275 -0.0440632163696018
276 -0.0442234448080072
277 -0.0443836724555601
278 -0.0445438992530245
279 -0.044704125140294
280 -0.0448643500526397
281 -0.0450245739209488
282 -0.0451847966720891
283 -0.0453450182294819
284 -0.0455052385087142
285 -0.045665457423289
286 -0.045825674878423
287 -0.0459858907752144
288 -0.046146105008267
289 -0.0463063174640591
290 -0.0464665280244183
291 -0.0466267365611781
292 -0.0467869429391474
293 -0.0469471470144412
294 -0.0471073486331633
295 -0.0472675476344294
296 -0.0474277438420952
297 -0.0475879370745932
298 -0.0477481271338876
299 -0.0479083138128064
300 -0.0480684968894724
301 -0.0482286761282405
302 -0.0483888512770467
303 -0.0485490220726295
304 -0.048709188230549
305 -0.048869349449215
306 -0.0490295054134712
307 -0.0491896557843838
308 -0.0493498001982987
309 -0.0495099382803365
310 -0.0496700696264095
311 -0.0498301938088264
312 -0.0499903103779209
313 -0.0501504188565279
314 -0.0503105187381017
315 -0.0504706094968693
316 -0.0506306905720724
317 -0.0507907613778417
318 -0.0509508212978572
319 -0.0511108696846935
320 -0.0512709058663735
321 -0.0514309291394602
322 -0.0515909387718131
323 -0.0517509340087786
324 -0.0519109140661114
325 -0.0520708781414882
326 -0.0522308254120024
327 -0.0523907550423359
328 -0.0525506661841596
329 -0.0527105579940839
330 -0.0528704296248827
331 -0.0530302802460294
332 -0.0531901090539404
333 -0.0533499152823005
334 -0.0535096982090357
335 -0.0536694571871263
336 -0.0538291916472921
337 -0.0539889011228957
338 -0.0541485852744675
339 -0.0543082439078267
340 -0.0544678769969952
341 -0.0546274847100347
342 -0.0547870674407313
343 -0.0549466258125953
344 -0.0551061607291601
345 -0.0552656733683848
346 -0.0554251652267629
347 -0.0555846381061285
348 -0.0557440941419665
349 -0.0559035357971057
350 -0.0560629658579196
351 -0.0562223874159418
352 -0.056381803849297
353 -0.0565412187865627
354 -0.0567006360772243
355 -0.0568600597160643
356 -0.0570194938132509
357 -0.0571789425190033
358 -0.0573384099459122
359 -0.0574979001148509
360 -0.0576574168864213
361 -0.0578169638828395
362 -0.0579765444260408
363 -0.0581361615042605
364 -0.0582958177137628
365 -0.0584555152058974
366 -0.0586152557096429
367 -0.0587750404841455
368 -0.0589348703204785
369 -0.0590947455733927
370 -0.0592546661644867
371 -0.0594146316046035
372 -0.059574641045666
373 -0.0597346932992655
374 -0.0598947869141264
375 -0.0600549201687606
376 -0.0602150911562846
377 -0.0603752978066951
378 -0.060535537948903
379 -0.0606958093323397
380 -0.0608561096583688
381 -0.0610164366227135
382 -0.0611767879501425
383 -0.0613371614096729
384 -0.0614975548197627
385 -0.0616579660986238
386 -0.0618183932366662
387 -0.0619788343381469
388 -0.0621392876157123
389 -0.0622997513945381
390 -0.0624602241077811
391 -0.0626207043079539
392 -0.0627811906623106
393 -0.0629416819367856
394 -0.0631021770166847
395 -0.0632626748846546
396 -0.0634231746120666
397 -0.0635836753662475
398 -0.0637441764061402
399 -0.0639046770575118
400 -0.0640651767287073
401 -0.0642256748914878
402 -0.0643861710844428
403 -0.0645466649021261
404 -0.0647071559924881
405 -0.0648676440485719
406 -0.0650281288119929
407 -0.0651886100580522
408 -0.0653490876021246
409 -0.0655095612909394
410 -0.0656700309987553
411 -0.0658304966240687
412 -0.0659909580975231
413 -0.0661514153544646
414 -0.0663118683639899
415 -0.0664723171024661
416 -0.0666327615623496
417 -0.0667932017522214
418 -0.0669536376862652
419 -0.0671140693931359
420 -0.0672744969011404
421 -0.0674349202592358
422 -0.0675953395090726
423 -0.0677557547091025
424 -0.0679161659163391
425 -0.0680765731862277
426 -0.0682369765877878
427 -0.0683973761868925
428 -0.0685577720507102
429 -0.0687181642502121
430 -0.0688785528561786
431 -0.069038937942641
432 -0.0691993195784597
433 -0.0693596978387439
434 -0.069520072794509
435 -0.0696804445183502
436 -0.0698408130815396
437 -0.0700011785552243
438 -0.0701615410087627
439 -0.0703219005129255
440 -0.0704822571360127
441 -0.0706426109429769
442 -0.070802962003127
443 -0.0709633103791429
444 -0.0711236561351759
445 -0.0712839993328748
446 -0.0714443400357717
447 -0.071604678302866
448 -0.0717650141908665
449 -0.0719253477606045
450 -0.072085679065397
451 -0.0722460081582288
452 -0.0724063350985842
453 -0.0725666599333074
454 -0.0727269827130891
455 -0.0728873034891378
456 -0.0730476223096363
457 -0.0732079392216912
458 -0.0733682542698892
459 -0.0735285674994189
460 -0.0736888789548819
461 -0.0738491886777696
462 -0.0740094967079796
463 -0.0741698030857029
464 -0.0743301078520724
465 -0.0744904110442636
466 -0.0746507126977832
467 -0.0748110128506916
468 -0.0749713115357399
469 -0.075131608789021
470 -0.0752919046423606
471 -0.0754521991288395
472 -0.0756124922789527
473 -0.0757727841241313
474 -0.0759330746938255
475 -0.0760933640168393
476 -0.0762536521194431
477 -0.0764139390326043
478 -0.0765742247811867
479 -0.0767345093911373
480 -0.0768947928869503
481 -0.0770550752938546
482 -0.0772153566360113
483 -0.0773756369362204
484 -0.0775359162175987
485 -0.0776961945019334
486 -0.0778564718103403
487 -0.078016748164301
488 -0.0781770235847219
489 -0.0783372980895382
490 -0.0784975716998615
491 -0.0786578444337735
492 -0.0788181163093098
493 -0.078978387344919
494 -0.0791386575569723
495 -0.0792989269644221
496 -0.0794591955818596
497 -0.0796194634257214
498 -0.0797797305126296
499 -0.0799399968571364
500 -0.0801002624735158
501 -0.0802605273769334
502 -0.0804207915831418
503 -0.0805810551032729
504 -0.0807413179518096
505 -0.0809015801433348
506 -0.0810618416883684
507 -0.0812221025995768
508 -0.08138236289152
509 -0.0815426225738243
510 -0.0817028816589005
511 -0.0818631401578336
512 -0.0820233980821975
513 -0.0821836554418488
514 -0.0823439122486042
515 -0.0825041685120896
516 -0.0826644242416445
517 -0.0828246794491308
518 -0.082984934141062
519 -0.0831451883290132
520 -0.0833054420226777
521 -0.0834656952286393
522 -0.0836259479572764
523 -0.0837862002160733
524 -0.0839464520148451
525 -0.0841067033613929
526 -0.0842669542620975
527 -0.0844272047260575
528 -0.0845874547597366
529 -0.0847477043738003
530 -0.084907953570819
531 -0.085068202361567
532 -0.0852284507507251
533 -0.085388698747361
534 -0.0855489463563975
535 -0.0857091935829379
536 -0.0858694404370887
537 -0.0860296869225578
538 -0.0861899330456835
539 -0.0863501788132752
540 -0.086510424229984
541 -0.0866706693032315
542 -0.0868309140364357
543 -0.0869911584369351
544 -0.0871514025083192
545 -0.0873116462575185
546 -0.0874718896887987
547 -0.0876321328076053
548 -0.0877923756184995
549 -0.0879526181264057
550 -0.0881128603363826
551 -0.0882731022526898
552 -0.0884333438798174
553 -0.0885935852223105
554 -0.088753826284869
555 -0.0889140670705026
556 -0.0890743075850182
557 -0.0892345478314347
558 -0.0893947878145873
559 -0.0895550275386301
560 -0.0897152670063241
561 -0.0898755062212593
562 -0.0900357451886168
563 -0.0901959839112211
564 -0.0903562223921034
565 -0.0905164606357835
566 -0.0906766986443545
567 -0.0908369364232213
568 -0.090997173973877
569 -0.0911574113010471
570 -0.0913176484071426
571 -0.0914778852947351
572 -0.0916381219673623
573 -0.091798358427374
574 -0.0919585946795817
575 -0.0921188307252092
576 -0.0922790665686182
577 -0.0924393022104157
578 -0.0925995376550123
579 -0.0927597729045664
580 -0.0929200079625884
581 -0.0930802428303367
582 -0.0932404775102494
583 -0.0934007120060737
584 -0.0935609463197987
585 -0.0937211804541014
586 -0.0938814144102462
587 -0.0940416481924679
588 -0.0942018818006502
589 -0.0943621152386919
590 -0.0945223485092945
591 -0.0946825816125536
592 -0.0948428145524237
593 -0.0950030473304076
594 -0.0951632799486036
595 -0.0953235124086546
596 -0.0954837447130619
597 -0.0956439768633911
598 -0.0958042088622428
599 -0.0959644407113807
600 -0.0961246724120447
601 -0.0962849039662302
602 -0.0964451353758594
603 -0.0966053666429736
604 -0.0967655977693401
605 -0.0969258287556857
606 -0.0970860596053926
607 -0.0972462903181317
608 -0.0974065208975415
609 -0.0975667513436116
610 -0.0977269816586252
611 -0.0978872118441755
612 -0.0980474419018613
613 -0.0982076718330585
614 -0.0983679016393385
615 -0.0985281313218658
616 -0.0986883608821391
617 -0.0988485903215233
618 -0.0990088196419508
619 -0.0991690488442644
620 -0.0993292779304576
621 -0.0994895069004549
622 -0.0996497357570541
623 -0.0998099645008703
624 -0.0999701931331169
625 -0.100130421654846
626 -0.100290650068253
627 -0.100450878373574
628 -0.100611106572792
629 -0.100771334665911
630 -0.100931562655406
631 -0.1010917905416
632 -0.101252018325658
633 -0.101412246009067
634 -0.101572473592586
635 -0.101732701077269
636 -0.101892928464688
637 -0.102053155755928
638 -0.102213382950359
639 -0.10237361005102
640 -0.102533837057946
641 -0.102694063972806
642 -0.102854290795211
643 -0.103014517527568
644 -0.10317474416929
645 -0.103334970723432
646 -0.103495197189169
647 -0.103655423567621
648 -0.103815649860528
649 -0.103975876067444
650 -0.104136102190662
651 -0.104296328230348
652 -0.104456554186988
653 -0.104616780061883
654 -0.104777005855521
655 -0.104937231569339
656 -0.105097457203628
657 -0.105257682759775
658 -0.105417908237171
659 -0.105578133638098
660 -0.105738358961922
661 -0.105898584211124
662 -0.106058809384934
663 -0.106219034484317
664 -0.106379259510832
665 -0.106539484463567
666 -0.106699709344868
667 -0.10685993415509
668 -0.107020158894324
669 -0.107180383563404
670 -0.10734060816342
671 -0.107500832694216
672 -0.107661057157259
673 -0.10782128155322
674 -0.107981505881684
675 -0.108141730143606
676 -0.108301954340288
677 -0.1084621784722
678 -0.108622402539633
679 -0.108782626543176
680 -0.108942850483459
681 -0.109103074361024
682 -0.109263298175789
683 -0.109423521929734
684 -0.109583745622222
685 -0.109743969254455
686 -0.109904192826982
687 -0.110064416338631
688 -0.11022463979273
689 -0.110384863188629
690 -0.110545086525301
691 -0.110705309805226
692 -0.110865533028711
693 -0.111025756195049
694 -0.111185979305928
695 -0.111346202360926
696 -0.111506425361117
697 -0.111666648306678
698 -0.111826871198529
699 -0.111987094036381
700 -0.112147316821103
701 -0.112307539553014
702 -0.112467762232881
703 -0.112627984860676
704 -0.112788207437026
705 -0.112948429962797
706 -0.113108652437139
707 -0.11326887486209
708 -0.113429097236816
709 -0.113589319562562
710 -0.113749541838821
711 -0.113909764067468
712 -0.114069986246493
713 -0.114230208378121
714 -0.114390430463165
715 -0.114550652500494
716 -0.114710874491426
717 -0.114871096435036
718 -0.115031318333964
719 -0.115191540186264
720 -0.115351761993696
721 -0.115511983756712
722 -0.115672205474401
723 -0.115832427148693
724 -0.115992648778069
725 -0.116152870365315
726 -0.116313091908314
727 -0.116473313408071
728 -0.116633534866284
729 -0.116793756281594
730 -0.116953977655584
731 -0.117114198987659
732 -0.117274420278331
733 -0.117434641528168
734 -0.117594862736662
735 -0.117755083904834
736 -0.117915305033529
737 -0.118075526121982
738 -0.118235747171291
739 -0.118395968180831
740 -0.118556189152036
741 -0.118716410084624
742 -0.118876630978157
743 -0.119036851833214
744 -0.119197072651109
745 -0.119357293431509
746 -0.119517514174053
747 -0.119677734879979
748 -0.119837955548321
749 -0.119998176181237
750 -0.120158396777465
751 -0.120318617337275
752 -0.120478837861241
753 -0.120639058350446
754 -0.120799278803332
755 -0.120959499221435
756 -0.121119719605347
757 -0.121279939954032
758 -0.121440160268268
759 -0.121600380549023
760 -0.121760600795296
761 -0.121920821007574
762 -0.122081041187637
763 -0.12224126133338
764 -0.122401481446102
765 -0.122561701526891
766 -0.122721921573951
767 -0.122882141589401
768 -0.123042361571889
769 -0.123202581523518
770 -0.123362801442639
771 -0.123523021330496
772 -0.123683241187146
773 -0.123843461012162
774 -0.124003680806704
775 -0.124163900569941
776 -0.124324120303024
777 -0.124484340005285
778 -0.124644559677991
779 -0.124804779320767
780 -0.124964998932941
781 -0.125125218516279
782 -0.125285438069812
783 -0.125445657593689
784 -0.125605877088843
785 -0.125766096554797
786 -0.125926315992488
787 -0.126086535402036
788 -0.126246754782321
789 -0.12640697413446
790 -0.126567193458671
791 -0.12672741275557
792 -0.12688763202415
793 -0.127047851264747
794 -0.12720807047916
795 -0.127368289665482
796 -0.127528508824876
797 -0.127688727957114
798 -0.127848947063137
799 -0.128009166142182
800 -0.128169385194543
801 -0.128329604220958
802 -0.128489823221469
803 -0.128650042195376
804 -0.128810261144086
805 -0.128970480066478
806 -0.129130698963731
807 -0.129290917834962
808 -0.129451136681989
809 -0.129611355502736
810 -0.129771574298947
811 -0.129931793070456
812 -0.130092011816722
813 -0.130252230539222
814 -0.130412449236395
815 -0.130572667909802
816 -0.130732886559171
817 -0.130893105183677
818 -0.131053323784603
819 -0.131213542361866
820 -0.13137376091575
821 -0.131533979445254
822 -0.13169419795231
823 -0.131854416435303
824 -0.132014634895425
825 -0.132174853332298
826 -0.132335071746104
827 -0.132495290137968
828 -0.13265550850568
829 -0.132815726851361
830 -0.132975945175232
831 -0.133136163476131
832 -0.133296381754823
833 -0.133456600011421
834 -0.13361681824581
835 -0.133777036458789
836 -0.133937254649756
837 -0.134097472818843
838 -0.134257690966407
839 -0.134417909092363
840 -0.134578127197442
841 -0.134738345280358
842 -0.13489856334297
843 -0.135058781384047
844 -0.135218999404465
845 -0.1353792174035
846 -0.1355394353824
847 -0.135699653339876
848 -0.135859871277324
849 -0.136020089194289
850 -0.136180307091278
851 -0.136340524967201
852 -0.136500742823148
853 -0.136660960659495
854 -0.136821178475551
855 -0.13698139627148
856 -0.137141614047182
857 -0.137301831804091
858 -0.137462049541471
859 -0.137622267258433
860 -0.137782484956003
861 -0.13794270263509
862 -0.138102920293707
863 -0.138263137934254
864 -0.138423355555196
865 -0.138583573157499
866 -0.138743790740815
867 -0.138904008304681
868 -0.139064225850543
869 -0.139224443377188
870 -0.139384660885124
871 -0.139544878374967
872 -0.139705095845616
873 -0.13986531329895
874 -0.140025530733211
875 -0.140185748149733
876 -0.140345965547809
877 -0.140506182928183
878 -0.14066640029024
879 -0.14082661763453
880 -0.140986834961238
881 -0.141147052270075
882 -0.141307269560888
883 -0.141467486834172
884 -0.141627704090071
885 -0.141787921328585
886 -0.141948138550002
887 -0.142108355753536
888 -0.142268572940011
889 -0.142428790109176
890 -0.142589007261706
891 -0.142749224396939
892 -0.142909441515175
893 -0.143069658616564
894 -0.143229875701165
895 -0.143390092768769
896 -0.143550309819541
897 -0.143710526853975
898 -0.143870743871616
899 -0.144030960872956
900 -0.144191177857603
901 -0.144351394826084
902 -0.144511611778139
903 -0.144671828714231
904 -0.144832045633536
905 -0.144992262537306
906 -0.14515247942513
907 -0.145312696295994
908 -0.145472913151681
909 -0.145633129991731
910 -0.145793346814906
911 -0.14595356362321
912 -0.146113780415216
913 -0.146273997192562
914 -0.146434213953119
915 -0.146594430698493
916 -0.146754647428655
917 -0.146914864142808
918 -0.147075080841588
919 -0.147235297525948
920 -0.147395514194238
921 -0.147555730847271
922 -0.147715947485549
923 -0.147876164108441
924 -0.148036380717164
925 -0.148196597309166
926 -0.148356813887228
927 -0.148517030450231
928 -0.148677246998652
929 -0.148837463532165
930 -0.148997680050884
931 -0.149157896554312
932 -0.149318113044137
933 -0.149478329518628
934 -0.149638545978268
935 -0.14979876242399
936 -0.149958978855405
937 -0.150119195271841
938 -0.150279411674077
939 -0.150439628062191
940 -0.150599844436056
941 -0.150760060795403
942 -0.150920277141237
943 -0.15108049347244
944 -0.151240709789082
945 -0.151400926092139
946 -0.151561142381245
947 -0.151721358656799
948 -0.151881574917746
949 -0.152041791165154
950 -0.152202007398557
951 -0.152362223618171
952 -0.152522439823919
953 -0.152682656016205
954 -0.152842872195059
955 -0.153003088360234
956 -0.153163304510956
957 -0.15332352064906
958 -0.15348373677373
959 -0.153643952884584
960 -0.153804168981907
961 -0.153964385065958
962 -0.15412460113708
963 -0.154284817193992
964 -0.154445033238559
965 -0.154605249269384
966 -0.154765465287418
967 -0.154925681291854
968 -0.155085897283376
969 -0.155246113261584
970 -0.15540632922732
971 -0.155566545179557
972 -0.155726761119381
973 -0.155886977045938
974 -0.156047192959113
975 -0.156207408860581
976 -0.156367624748123
977 -0.156527840623469
978 -0.156688056486044
979 -0.156848272335417
980 -0.157008488172384
981 -0.157168703997147
982 -0.157328919808819
983 -0.157489135608059
984 -0.157649351395289
985 -0.157809567168926
986 -0.157969782930973
987 -0.158129998680083
988 -0.158290214416729
989 -0.158450430141291
990 -0.158610645853624
991 -0.158770861553454
992 -0.158931077240643
993 -0.15909129291597
994 -0.159251508579054
995 -0.159411724229946
996 -0.159571939868608
997 -0.159732155495205
998 -0.159892371109469
999 -0.160052586712042
1000 -0.160212802302489
1001 -0.160373017880654
1002 -0.160533233447008
1003 -0.160693449001308
1004 -0.160853664543628
1005 -0.161013880074321
1006 -0.161174095593513
1007 -0.161334311100401
1008 -0.161494526594842
1009 -0.161654742078474
1010 -0.16181495755008
1011 -0.161975173009583
1012 -0.162135388457574
1013 -0.162295603894195
1014 -0.162455819319126
1015 -0.16261603473251
1016 -0.16277625013374
1017 -0.162936465523526
1018 -0.163096680901801
1019 -0.163256896268808
1020 -0.163417111624067
1021 -0.163577326968191
1022 -0.163737542300714
1023 -0.163897757622327
1024 -0.164057972931823
1025 -0.164218188229756
1026 -0.164378403516857
1027 -0.164538618792329
1028 -0.164698834056678
1029 -0.164859049309846
1030 -0.16501926455163
1031 -0.165179479782511
1032 -0.165339695001947
1033 -0.165499910210475
1034 -0.165660125407487
1035 -0.165820340593309
1036 -0.165980555768521
1037 -0.166140770932179
1038 -0.166300986084868
1039 -0.166461201226454
1040 -0.166621416357214
1041 -0.166781631476768
1042 -0.166941846585458
1043 -0.167102061683015
1044 -0.167262276770297
1045 -0.16742249184572
1046 -0.167582706911136
1047 -0.167742921965776
1048 -0.167903137009069
1049 -0.168063352041104
1050 -0.168223567063395
1051 -0.168383782073856
1052 -0.168543997073647
1053 -0.168704212063477
1054 -0.168864427042021
1055 -0.169024642010391
1056 -0.169184856967499
1057 -0.169345071914479
1058 -0.169505286850516
1059 -0.169665501775717
1060 -0.16982571669065
1061 -0.169985931594599
1062 -0.170146146488071
1063 -0.170306361371512
1064 -0.170466576244071
1065 -0.170626791106116
1066 -0.170787005957817
1067 -0.170947220798898
1068 -0.171107435629728
1069 -0.17126765044982
1070 -0.171427865259925
1071 -0.17158808005918
1072 -0.171748294848369
1073 -0.171908509626821
1074 -0.172068724394369
1075 -0.17222893915334
1076 -0.172389153900627
1077 -0.172549368638303
1078 -0.172709583365487
1079 -0.172869798081893
1080 -0.173030012788946
1081 -0.173190227485289
1082 -0.173350442171454
1083 -0.173510656847179
1084 -0.17367087151297
1085 -0.173831086168688
1086 -0.173991300814088
1087 -0.174151515449662
1088 -0.174311730074725
1089 -0.174471944689416
1090 -0.174632159294531
1091 -0.174792373889771
1092 -0.174952588474999
1093 -0.175112803049884
1094 -0.175273017614648
1095 -0.175433232169053
1096 -0.17559344671441
1097 -0.175753661249171
1098 -0.175913875774152
1099 -0.176074090289107
1100 -0.176234304794249
1101 -0.176394519289014
1102 -0.176554733774671
1103 -0.176714948249928
1104 -0.17687516271534
1105 -0.177035377170841
1106 -0.177195591616365
1107 -0.177355806052814
1108 -0.177516020478578
1109 -0.177676234894162
1110 -0.177836449301453
1111 -0.177996663697953
1112 -0.178156878084903
1113 -0.178317092461904
1114 -0.178477306829794
1115 -0.178637521187133
1116 -0.178797735535079
1117 -0.17895794987375
1118 -0.179118164202273
1119 -0.179278378520707
1120 -0.17943859283026
1121 -0.1795988071299
1122 -0.17975902141991
1123 -0.179919235700407
1124 -0.180079449971058
1125 -0.18023966423249
1126 -0.180399878483432
1127 -0.18056009272572
1128 -0.180720306958015
1129 -0.180880521181109
1130 -0.181040735394165
1131 -0.181200949598333
1132 -0.181361163792233
1133 -0.181521377976702
1134 -0.181681592151814
1135 -0.181841806317496
1136 -0.182002020473859
1137 -0.182162234620667
1138 -0.182322448757808
1139 -0.18248266288526
1140 -0.182642877004582
1141 -0.182803091113274
1142 -0.182963305213121
1143 -0.183123519303735
1144 -0.183283733383911
1145 -0.183443947455812
1146 -0.183604161518042
1147 -0.183764375570643
1148 -0.183924589613845
1149 -0.184084803647993
1150 -0.184245017672731
1151 -0.184405231687767
1152 -0.184565445694015
1153 -0.184725659690709
1154 -0.184885873678769
1155 -0.185046087656681
1156 -0.18520630162542
1157 -0.185366515585431
1158 -0.185526729536276
1159 -0.185686943477081
1160 -0.185847157408862
1161 -0.186007371332263
1162 -0.186167585245397
1163 -0.186327799150005
1164 -0.186488013044997
1165 -0.18664822693074
1166 -0.186808440807759
1167 -0.186968654675217
1168 -0.187128868533629
1169 -0.187289082383113
1170 -0.187449296223324
1171 -0.187609510054343
1172 -0.187769723876652
1173 -0.187929937689213
1174 -0.188090151492865
1175 -0.188250365287522
1176 -0.188410579073322
1177 -0.188570792849518
1178 -0.188731006617287
1179 -0.188891220375229
1180 -0.189051434124912
1181 -0.189211647864822
1182 -0.189371861595733
1183 -0.189532075318037
1184 -0.189692289031107
1185 -0.189852502735384
1186 -0.190012716430239
1187 -0.190172930116321
1188 -0.190333143793483
1189 -0.190493357461533
1190 -0.190653571120616
1191 -0.190813784770923
1192 -0.190973998412033
1193 -0.191134212044369
1194 -0.191294425667762
1195 -0.191454639282078
1196 -0.191614852887386
1197 -0.191775066483398
1198 -0.191935280071185
1199 -0.192095493649861
1200 -0.192255707219653
1201 -0.192415920780474
1202 -0.192576134332065
1203 -0.192736347875759
1204 -0.192896561409533
1205 -0.193056774934835
1206 -0.1932169884511
1207 -0.193377201958538
1208 -0.193537415457237
1209 -0.193697628947
1210 -0.193857842428394
1211 -0.194018055900105
1212 -0.194178269363717
1213 -0.194338482818227
1214 -0.194498696264326
1215 -0.194658909700866
1216 -0.19481912312892
1217 -0.19497933654825
1218 -0.195139549958801
1219 -0.195299763360505
1220 -0.195459976752885
1221 -0.19562019013759
1222 -0.195780403512758
1223 -0.19594061687919
1224 -0.196100830237234
1225 -0.196261043586523
1226 -0.196421256926849
1227 -0.196581470258825
1228 -0.196741683581029
1229 -0.196901896895464
1230 -0.197062110201052
1231 -0.197222323497741
1232 -0.19738253678546
1233 -0.197542750064533
1234 -0.197702963335536
1235 -0.197863176597569
1236 -0.198023389850502
1237 -0.198183603095226
1238 -0.198343816331051
1239 -0.198504029558051
1240 -0.19866424277641
1241 -0.198824455986437
1242 -0.198984669187578
1243 -0.199144882379975
1244 -0.19930509556374
1245 -0.199465308738859
1246 -0.199625521905498
1247 -0.199785735063086
1248 -0.199945948212578
1249 -0.200106161353093
1250 -0.200266374485371
1251 -0.200426587608803
1252 -0.200586800723335
1253 -0.200747013829191
1254 -0.200907226927199
1255 -0.201067440015923
1256 -0.201227653096311
1257 -0.201387866167928
1258 -0.201548079231158
1259 -0.201708292285987
1260 -0.201868505331432
1261 -0.202028718368881
1262 -0.202188931398141
1263 -0.202349144417874
1264 -0.20250935742966
1265 -0.202669570432603
1266 -0.20282978342749
1267 -0.202989996413303
1268 -0.203150209391001
1269 -0.203310422359619
1270 -0.203470635320346
1271 -0.203630848271977
1272 -0.203791061215128
1273 -0.203951274149989
1274 -0.204111487076086
1275 -0.204271699993829
1276 -0.204431912903373
1277 -0.204592125803485
1278 -0.204752338695971
1279 -0.204912551579942
1280 -0.205072764454933
1281 -0.205232977321774
1282 -0.205393190179673
1283 -0.205553403028694
1284 -0.205713615870287
1285 -0.205873828702889
1286 -0.206034041527097
1287 -0.206194254342598
1288 -0.206354467149738
1289 -0.206514679948775
1290 -0.206674892738926
1291 -0.206835105520663
1292 -0.206995318294289
1293 -0.207155531058952
1294 -0.207315743815284
1295 -0.207475956562956
1296 -0.20763616930208
1297 -0.207796382033149
1298 -0.207956594756098
1299 -0.208116807469803
1300 -0.208277020175802
1301 -0.208437232872654
1302 -0.208597445561466
1303 -0.208757658242024
1304 -0.208917870913631
1305 -0.209078083577199
1306 -0.209238296232044
1307 -0.209398508878828
1308 -0.209558721516899
1309 -0.209718934146818
1310 -0.209879146768049
1311 -0.210039359380729
1312 -0.2101995719855
1313 -0.210359784581681
1314 -0.210519997169127
1315 -0.210680209748196
1316 -0.210840422319135
1317 -0.21100063488164
1318 -0.21116084743543
1319 -0.211321059981072
1320 -0.211481272518786
1321 -0.211641485047586
1322 -0.211801697567263
1323 -0.211961910080059
1324 -0.212122122583271
1325 -0.212282335078653
1326 -0.212442547565569
1327 -0.212602760043971
1328 -0.212762972513796
1329 -0.212923184975932
1330 -0.213083397428987
1331 -0.21324360987407
1332 -0.213403822310979
1333 -0.213564034739227
1334 -0.213724247158977
1335 -0.213884459570616
1336 -0.214044671973222
1337 -0.214204884368558
1338 -0.214365096754542
1339 -0.214525309132679
1340 -0.214685521502581
1341 -0.214845733863545
1342 -0.21500594621676
1343 -0.21516615856139
1344 -0.215326370897693
1345 -0.215486583225245
1346 -0.215646795545166
1347 -0.215807007856102
1348 -0.215967220158932
1349 -0.216127432453521
1350 -0.216287644739837
1351 -0.216447857017768
1352 -0.216608069287578
1353 -0.216768281548193
1354 -0.216928493801236
1355 -0.217088706045376
1356 -0.217248918281488
1357 -0.21740913050938
1358 -0.217569342728763
1359 -0.217729554939917
1360 -0.217889767143003
1361 -0.218049979337116
1362 -0.218210191523213
1363 -0.218370403701077
1364 -0.21853061587039
1365 -0.218690828031591
1366 -0.218851040184652
1367 -0.219011252328915
1368 -0.219171464464902
1369 -0.219331676592495
1370 -0.21949188871236
1371 -0.219652100823553
1372 -0.219812312926196
1373 -0.219972525020562
1374 -0.220132737107334
1375 -0.220292949184836
1376 -0.220453161254677
1377 -0.220613373315781
1378 -0.220773585368636
1379 -0.220933797413517
1380 -0.221094009449791
1381 -0.221254221477987
1382 -0.221414433497702
1383 -0.221574645508804
1384 -0.22173485751173
1385 -0.221895069506643
1386 -0.222055281493152
1387 -0.222215493471536
1388 -0.222375705440815
1389 -0.222535917402309
1390 -0.222696129355488
1391 -0.222856341300578
1392 -0.223016553237385
1393 -0.223176765165617
1394 -0.223336977085608
1395 -0.223497188997038
1396 -0.223657400900618
1397 -0.223817612795691
1398 -0.223977824682557
1399 -0.224138036560782
1400 -0.224298248430933
1401 -0.224458460293052
1402 -0.224618672146153
1403 -0.224778883991566
1404 -0.224939095828599
1405 -0.225099307657148
1406 -0.225259519477429
1407 -0.225419731289324
1408 -0.225579943093199
1409 -0.225740154888756
1410 -0.225900366675811
1411 -0.226060578454635
1412 -0.226220790225283
1413 -0.226381001987401
1414 -0.226541213741378
1415 -0.226701425487103
1416 -0.226861637224377
1417 -0.227021848953259
1418 -0.227182060674002
1419 -0.22734227238635
1420 -0.22750248409036
1421 -0.227662695786725
1422 -0.227822907473713
1423 -0.227983119152688
1424 -0.228143330823542
1425 -0.228303542486834
1426 -0.228463754140626
1427 -0.228623965786769
1428 -0.228784177424257
1429 -0.228944389053572
1430 -0.22910460067455
1431 -0.229264812287432
1432 -0.229425023891767
1433 -0.229585235487706
1434 -0.229745447075717
1435 -0.229905658655622
1436 -0.230065870226789
1437 -0.230226081789457
1438 -0.230386293344109
1439 -0.230546504890808
1440 -0.230706716428516
1441 -0.230866927958808
1442 -0.231027139479879
1443 -0.231187350992951
1444 -0.231347562497784
1445 -0.231507773994467
1446 -0.23166798548246
1447 -0.231828196962092
1448 -0.231988408433965
1449 -0.232148619897071
1450 -0.232308831352305
1451 -0.232469042799126
1452 -0.232629254237007
1453 -0.232789465667026
1454 -0.232949677088448
1455 -0.233109888501978
1456 -0.233270099907051
1457 -0.233430311304018
1458 -0.233590522692377
1459 -0.233750734072641
1460 -0.2339109454441
1461 -0.234071156807562
1462 -0.234231368163274
1463 -0.234391579509948
1464 -0.234551790848146
1465 -0.23471200217865
1466 -0.234872213500329
1467 -0.235032424814037
1468 -0.235192636119157
1469 -0.235352847416419
1470 -0.235513058705012
1471 -0.235673269985249
1472 -0.235833481257097
1473 -0.235993692520846
1474 -0.236153903776448
1475 -0.236314115023119
1476 -0.23647432626116
1477 -0.236634537491756
1478 -0.23679474871367
1479 -0.236954959927596
1480 -0.237115171132601
1481 -0.237275382329615
1482 -0.237435593518047
1483 -0.237595804698664
1484 -0.237756015870918
1485 -0.23791622703465
1486 -0.238076438189523
1487 -0.238236649336524
1488 -0.23839686047519
1489 -0.238557071605466
1490 -0.238717282727472
1491 -0.238877493841122
1492 -0.239037704946609
1493 -0.239197916042752
1494 -0.239358127131626
1495 -0.239518338212015
1496 -0.239678549283545
1497 -0.23983876034758
1498 -0.239998971402553
1499 -0.240159182449333
1500 -0.240319393487431
1501 -0.240479604518113
1502 -0.240639815539824
1503 -0.240800026552708
1504 -0.240960237558153
1505 -0.241120448554802
1506 -0.241280659543143
1507 -0.24144087052312
1508 -0.241601081494383
1509 -0.241761292457662
1510 -0.241921503412649
1511 -0.242081714359127
1512 -0.242241925297304
1513 -0.242402136227132
1514 -0.242562347148359
1515 -0.242722558061755
1516 -0.242882768965932
1517 -0.243042979862495
1518 -0.243203190749999
1519 -0.243363401629562
1520 -0.243523612500475
1521 -0.243683823363489
1522 -0.243844034217598
1523 -0.244004245063462
1524 -0.244164455901037
1525 -0.244324666730725
1526 -0.244484877551792
1527 -0.244645088364096
1528 -0.244805299168088
1529 -0.244965509963318
1530 -0.245125720750866
1531 -0.245285931529598
1532 -0.245446142300244
1533 -0.245606353062371
1534 -0.245766563815616
1535 -0.245926774561334
1536 -0.246086985298028
1537 -0.246247196025816
1538 -0.246407406746215
1539 -0.24656761745811
1540 -0.246727828161087
1541 -0.246888038856082
1542 -0.247048249542517
1543 -0.247208460220603
1544 -0.247368670889601
1545 -0.24752888155088
1546 -0.247689092203062
1547 -0.247849302847565
1548 -0.248009513483931
1549 -0.248169724111533
1550 -0.248329934730639
1551 -0.248490145340879
1552 -0.248650355942767
1553 -0.248810566536577
1554 -0.24897077712168
1555 -0.249130987698868
1556 -0.249291198267151
1557 -0.249451408826972
1558 -0.249611619378986
1559 -0.249771829922293
1560 -0.24993204045626
1561 -0.250092250982799
1562 -0.250252461500552
1563 -0.250412672009846
1564 -0.250572882511101
1565 -0.250733093003024
1566 -0.250893303487046
1567 -0.251053513962636
1568 -0.251213724429507
1569 -0.251373934888053
1570 -0.251534145338509
1571 -0.251694355779511
1572 -0.251854566212664
1573 -0.252014776637337
1574 -0.252174987053867
1575 -0.252335197461698
1576 -0.252495407860988
1577 -0.252655618251516
1578 -0.252815828634482
1579 -0.252976039007788
1580 -0.253136249373095
1581 -0.253296459730489
1582 -0.253456670078773
1583 -0.253616880418932
1584 -0.253777090750277
1585 -0.253937301072909
1586 -0.25409751138756
1587 -0.254257721693596
1588 -0.254417931990536
1589 -0.25457814227969
1590 -0.254738352559838
1591 -0.254898562831714
1592 -0.255058773095447
1593 -0.25521898335061
1594 -0.255379193596982
1595 -0.255539403834619
1596 -0.2556996140643
1597 -0.255859824285141
1598 -0.256020034497375
1599 -0.256180244701491
1600 -0.256340454896066
1601 -0.256500665083265
1602 -0.256660875261302
1603 -0.256821085431492
1604 -0.256981295591728
1605 -0.25714150574466
1606 -0.257301715888924
1607 -0.257461926024899
1608 -0.257622136151591
1609 -0.257782346270113
1610 -0.257942556380507
1611 -0.258102766481506
1612 -0.258262976574631
1613 -0.258423186658629
1614 -0.25858339673434
1615 -0.258743606801769
1616 -0.258903816860282
1617 -0.259064026910478
1618 -0.259224236951922
1619 -0.259384446984504
1620 -0.259544657008863
1621 -0.259704867024704
1622 -0.259865077031989
1623 -0.260025287030472
1624 -0.260185497020879
1625 -0.260345707001929
1626 -0.260505916975334
1627 -0.260666126939527
1628 -0.260826336895143
1629 -0.260986546842521
1630 -0.26114675678088
1631 -0.261306966711201
1632 -0.26146717663222
1633 -0.261627386545177
1634 -0.261787596448988
1635 -0.261947806344557
1636 -0.26210801623146
1637 -0.26226822610946
1638 -0.26242843598002
1639 -0.262588645840669
1640 -0.262748855693272
1641 -0.262909065536818
1642 -0.2630692753722
1643 -0.263229485199169
1644 -0.263389695017428
1645 -0.263549904826414
1646 -0.263710114627059
1647 -0.263870324419482
1648 -0.264030534202923
1649 -0.264190743977553
1650 -0.264350953744204
1651 -0.264511163501566
1652 -0.264671373250503
1653 -0.264831582990138
1654 -0.264991792722122
1655 -0.265152002444729
1656 -0.265312212159554
1657 -0.265472421864939
1658 -0.265632631562568
1659 -0.265792841250227
1660 -0.265953050929893
1661 -0.266113260601108
1662 -0.266273470263415
1663 -0.26643367991682
1664 -0.266593889562576
1665 -0.266754099198274
1666 -0.266914308826217
1667 -0.26707451844457
1668 -0.267234728054987
1669 -0.267394937656453
1670 -0.267555147249398
1671 -0.267715356833261
1672 -0.267875566408859
1673 -0.268035775975483
1674 -0.268195985533741
1675 -0.268356195083441
1676 -0.268516404623753
1677 -0.268676614155885
1678 -0.268836823678574
1679 -0.268997033193383
1680 -0.269157242699265
1681 -0.26931745219627
1682 -0.269477661684993
1683 -0.269637871164363
1684 -0.269798080635595
1685 -0.269958290097752
1686 -0.270118499551104
1687 -0.270278708995712
1688 -0.270438918431841
1689 -0.270599127858749
1690 -0.270759337277434
1691 -0.270919546687059
1692 -0.271079756087731
1693 -0.271239965479661
1694 -0.271400174863496
1695 -0.271560384237862
1696 -0.271720593603781
1697 -0.271880802960951
1698 -0.27204101230959
1699 -0.272201221649164
1700 -0.272361430980204
1701 -0.272521640302003
1702 -0.272681849615648
1703 -0.272842058919488
1704 -0.273002268215642
1705 -0.27316247750219
1706 -0.273322686780763
1707 -0.273482896049846
1708 -0.273643105311042
1709 -0.2738033145624
1710 -0.27396352380498
1711 -0.274123733039748
1712 -0.274283942264688
1713 -0.274444151481138
1714 -0.274604360689189
1715 -0.274764569887902
1716 -0.274924779077964
1717 -0.275084988259358
1718 -0.27524519743173
1719 -0.275405406595033
1720 -0.275565615750176
1721 -0.275725824896033
1722 -0.275886034033115
1723 -0.276046243161689
1724 -0.276206452280795
1725 -0.276366661391387
1726 -0.276526870493169
1727 -0.276687079586338
1728 -0.276847288670219
1729 -0.277007497745244
1730 -0.277167706811607
1731 -0.277327915869104
1732 -0.277488124917653
1733 -0.277648333957448
1734 -0.277808542987952
1735 -0.277968752010502
1736 -0.278128961023881
1737 -0.278289170027656
1738 -0.278449379022963
1739 -0.278609588009113
1740 -0.278769796986931
1741 -0.27893000595556
1742 -0.279090214915476
1743 -0.279250423866572
1744 -0.279410632808205
1745 -0.279570841740962
1746 -0.279731050665035
1747 -0.279891259580821
1748 -0.280051468486863
1749 -0.280211677384419
1750 -0.280371886272796
1751 -0.280532095152397
1752 -0.280692304022547
1753 -0.280852512884538
1754 -0.281012721737611
1755 -0.28117293058175
1756 -0.281333139416108
1757 -0.281493348242185
1758 -0.281653557059082
1759 -0.281813765867147
1760 -0.281973974666882
1761 -0.282134183457199
1762 -0.282294392237664
1763 -0.282454601010499
1764 -0.282614809772939
1765 -0.282775018527762
1766 -0.282935227272963
1767 -0.283095436009338
1768 -0.283255644736528
1769 -0.283415853454991
1770 -0.283576062164513
1771 -0.283736270865149
1772 -0.283896479556566
1773 -0.284056688238886
1774 -0.284216896913
1775 -0.284377105576917
1776 -0.284537314232729
1777 -0.284697522879251
1778 -0.284857731516336
1779 -0.285017940145173
1780 -0.28517814876455
1781 -0.285338357375086
1782 -0.285498565976055
1783 -0.285658774569171
1784 -0.285818983152431
1785 -0.285979191727034
1786 -0.286139400291721
1787 -0.286299608848009
1788 -0.286459817394939
1789 -0.286620025933433
1790 -0.286780234462844
1791 -0.286940442982459
1792 -0.287100651494029
1793 -0.287260859996033
1794 -0.287421068488923
1795 -0.287581276972788
1796 -0.287741485447444
1797 -0.287901693913249
1798 -0.288061902369885
1799 -0.288222110817766
1800 -0.288382319255508
1801 -0.28854252768579
1802 -0.288702736106068
1803 -0.288862944517606
1804 -0.28902315291999
1805 -0.289183361312605
1806 -0.289343569696088
1807 -0.28950377807121
1808 -0.28966398643685
1809 -0.289824194793844
1810 -0.289984403141675
1811 -0.290144611480224
1812 -0.290304819809309
1813 -0.290465028129262
1814 -0.290625236439962
1815 -0.290785444742994
1816 -0.290945653035703
1817 -0.291105861319237
1818 -0.291266069593664
1819 -0.291426277859098
1820 -0.291586486115296
1821 -0.291746694362664
1822 -0.291906902600501
1823 -0.292067110829518
1824 -0.292227319049298
1825 -0.292387527259283
1826 -0.292547735460781
1827 -0.292707943653068
1828 -0.292868151836234
1829 -0.293028360009645
1830 -0.293188568174706
1831 -0.29334877632997
1832 -0.293508984476403
1833 -0.29366919261353
1834 -0.293829400741547
1835 -0.293989608860201
1836 -0.294149816970062
1837 -0.294310025070376
1838 -0.294470233161066
1839 -0.294630441243061
1840 -0.294790649315968
1841 -0.294950857379152
1842 -0.295111065433782
1843 -0.295271273479235
1844 -0.295431481514624
1845 -0.295591689540841
1846 -0.2957518975583
1847 -0.295912105567262
1848 -0.296072313566092
1849 -0.296232521555269
1850 -0.296392729536422
1851 -0.296552937507004
1852 -0.296713145468864
1853 -0.29687335342142
1854 -0.29703356136513
1855 -0.297193769299797
1856 -0.297353977224806
1857 -0.297514185140118
1858 -0.297674393046371
1859 -0.297834600943274
1860 -0.297994808831073
1861 -0.298155016709954
1862 -0.298315224578799
1863 -0.298475432438471
1864 -0.298635640289509
1865 -0.298795848131322
1866 -0.298956055962671
1867 -0.299116263786417
1868 -0.299276471599023
1869 -0.299436679402642
1870 -0.299596887198598
1871 -0.299757094983379
1872 -0.299917302759861
1873 -0.300077510526256
1874 -0.300237718284435
1875 -0.300397926032828
1876 -0.300558133771558
1877 -0.30071834150079
1878 -0.300878549221249
1879 -0.301038756932557
1880 -0.30119896463287
1881 -0.301359172325267
1882 -0.301519380008369
1883 -0.301679587681639
1884 -0.301839795345978
1885 -0.302000003000919
1886 -0.302160210646118
1887 -0.302320418281884
1888 -0.302480625908206
1889 -0.302640833525466
1890 -0.302801041133672
1891 -0.302961248731964
1892 -0.303121456320821
1893 -0.30328166390101
1894 -0.303441871470885
1895 -0.303602079031706
1896 -0.303762286583837
1897 -0.303922494125336
1898 -0.304082701658118
1899 -0.304242909180781
1900 -0.304403116694776
1901 -0.304563324199113
1902 -0.304723531694223
1903 -0.304883739179834
1904 -0.305043946656714
1905 -0.30520415412248
1906 -0.305364361579713
1907 -0.305524569028152
1908 -0.305684776465686
1909 -0.305844983894568
1910 -0.306005191314086
1911 -0.306165398724184
1912 -0.306325606124836
1913 -0.306485813516067
1914 -0.306646020897435
1915 -0.306806228269222
1916 -0.30696643563164
1917 -0.307126642985067
1918 -0.307286850328755
1919 -0.307447057662646
1920 -0.307607264986977
1921 -0.307767472302425
1922 -0.307927679608605
1923 -0.308087886904861
1924 -0.308248094191633
1925 -0.308408301468767
1926 -0.308568508736182
1927 -0.308728715993737
1928 -0.308888923242041
1929 -0.309049130481413
1930 -0.309209337711397
1931 -0.309369544931527
1932 -0.309529752141734
1933 -0.309689959342844
1934 -0.30985016653363
1935 -0.31001037371595
1936 -0.310170580888485
1937 -0.310330788051132
1938 -0.310490995203536
1939 -0.3106512023476
1940 -0.31081140948214
1941 -0.310971616606307
1942 -0.311131823721384
1943 -0.311292030826781
1944 -0.311452237922264
1945 -0.311612445009051
1946 -0.311772652085468
1947 -0.31193285915274
1948 -0.312093066209451
1949 -0.312253273257761
1950 -0.312413480295901
1951 -0.312573687324452
1952 -0.31273389434313
1953 -0.312894101353292
1954 -0.313054308352473
1955 -0.313214515342275
1956 -0.313374722323717
1957 -0.313534929293977
1958 -0.31369513625581
1959 -0.31385534320737
1960 -0.31401555014912
1961 -0.314175757082435
1962 -0.314335964004358
1963 -0.314496170917537
1964 -0.314656377820809
1965 -0.314816584714725
1966 -0.314976791598646
1967 -0.315136998473093
1968 -0.315297205338553
1969 -0.315457412192969
1970 -0.315617619038396
1971 -0.315777825874435
1972 -0.315938032700614
1973 -0.316098239517265
1974 -0.316258446324047
1975 -0.316418653121304
1976 -0.316578859907717
1977 -0.316739066685038
1978 -0.316899273453708
1979 -0.317059480211627
1980 -0.317219686960264
1981 -0.317379893698718
1982 -0.317540100427601
1983 -0.317700307148067
1984 -0.317860513856926
1985 -0.318020720556427
1986 -0.318180927246842
1987 -0.31834113392765
1988 -0.31850134059827
1989 -0.318661547259273
1990 -0.318821753909951
1991 -0.318981960551344
1992 -0.319142167183024
1993 -0.319302373805269
1994 -0.319462580416636
1995 -0.319622787018672
1996 -0.319782993611274
1997 -0.319943200195116
1998 -0.320103406767495
1999 -0.320263613331291
2000 -0.320423819884266
2001 -0.320584026428022
2002 -0.320744232961858
2003 -0.320904439485858
2004 -0.321064646000175
2005 -0.321224852504762
2006 -0.32138505899949
2007 -0.321545265483861
2008 -0.321705471959146
2009 -0.321865678424251
2010 -0.322025884879748
2011 -0.322186091325435
2012 -0.322346297760685
2013 -0.322506504187007
2014 -0.322666710602972
2015 -0.322826917008922
2016 -0.32298712340565
2017 -0.323147329792183
2018 -0.323307536168396
2019 -0.323467742535361
2020 -0.323627948891693
2021 -0.323788155238739
2022 -0.323948361575394
2023 -0.324108567903073
2024 -0.324268774220184
2025 -0.324428980528291
2026 -0.324589186825995
2027 -0.324749393113782
2028 -0.324909599391512
2029 -0.325069805658727
2030 -0.325230011917555
2031 -0.325390218165367
2032 -0.325550424403804
2033 -0.325710630631584
2034 -0.325870836849862
2035 -0.326031043058382
2036 -0.326191249256849
2037 -0.32635145544567
2038 -0.326511661624173
2039 -0.326671867793163
2040 -0.326832073951786
2041 -0.326992280101296
2042 -0.327152486239477
2043 -0.327312692368837
2044 -0.327472898486975
2045 -0.327633104595989
2046 -0.327793310695693
2047 -0.327953516784503
2048 -0.328113722863406
2049 -0.328273928932833
2050 -0.32843413499168
2051 -0.328594341041077
2052 -0.328754547079853
2053 -0.328914753109513
2054 -0.329074959128505
2055 -0.329235165138435
2056 -0.329395371137352
2057 -0.329555577126317
2058 -0.329715783104925
2059 -0.329875989073791
2060 -0.330036195033517
2061 -0.330196400982418
2062 -0.330356606921604
2063 -0.330516812851576
2064 -0.330677018769556
2065 -0.330837224678652
2066 -0.330997430577773
2067 -0.331157636466155
2068 -0.331317842345591
2069 -0.331478048214547
2070 -0.331638254073188
2071 -0.331798459921782
2072 -0.331958665760408
2073 -0.332118871588761
2074 -0.332279077406487
2075 -0.332439283215298
2076 -0.332599489013898
2077 -0.332759694801803
2078 -0.332919900580592
2079 -0.333080106348272
2080 -0.33324031210577
2081 -0.333400517853571
2082 -0.33356072359165
2083 -0.333720929318697
2084 -0.333881135036515
2085 -0.334041340744073
2086 -0.334201546441221
2087 -0.334361752128308
2088 -0.334521957805451
2089 -0.334682163471953
2090 -0.334842369128873
2091 -0.335002574775697
2092 -0.335162780411928
2093 -0.335322986038573
2094 -0.335483191654172
2095 -0.33564339725968
2096 -0.335803602855864
2097 -0.335963808441326
2098 -0.336124014017482
2099 -0.33628421958187
2100 -0.336444425137229
2101 -0.336604630682342
2102 -0.336764836217474
2103 -0.336925041741925
2104 -0.337085247255901
2105 -0.337245452759725
2106 -0.337405658253579
2107 -0.337565863737424
2108 -0.337726069210756
2109 -0.337886274674391
2110 -0.338046480128248
2111 -0.338206685570295
2112 -0.33836689100307
2113 -0.338527096426215
2114 -0.338687301838507
2115 -0.338847507240233
2116 -0.339007712631742
2117 -0.339167918013212
2118 -0.339328123384189
2119 -0.339488328745947
2120 -0.339648534095501
2121 -0.339808739437
2122 -0.339968944766655
2123 -0.340129150086784
2124 -0.340289355396415
2125 -0.340449560695805
2126 -0.340609765985053
2127 -0.340769971264064
2128 -0.340930176532428
2129 -0.341090381790738
2130 -0.341250587038251
2131 -0.341410792276514
2132 -0.341570997503856
2133 -0.341731202720358
2134 -0.341891407927802
2135 -0.342051613123124
2136 -0.342211818309751
2137 -0.342372023485865
2138 -0.342532228650993
2139 -0.342692433805445
2140 -0.342852638950647
2141 -0.343012844084729
2142 -0.343173049209067
2143 -0.343333254323275
2144 -0.343493459426197
2145 -0.34365366451964
2146 -0.343813869601659
2147 -0.34397407467434
2148 -0.344134279735971
2149 -0.344294484787453
2150 -0.344454689828596
2151 -0.344614894859687
2152 -0.344775099879658
2153 -0.344935304890042
2154 -0.345095509889715
2155 -0.345255714878433
2156 -0.345415919857073
2157 -0.345576124826164
2158 -0.34573632978385
2159 -0.345896534730957
2160 -0.346056739668946
2161 -0.346216944595068
2162 -0.346377149511276
2163 -0.346537354417275
2164 -0.346697559313239
2165 -0.346857764198166
2166 -0.34701796907255
2167 -0.347178173936846
2168 -0.347338378789972
2169 -0.347498583633585
2170 -0.347658788466849
2171 -0.347818993288366
2172 -0.347979198100421
2173 -0.348139402902022
2174 -0.348299607692116
2175 -0.348459812472831
2176 -0.348620017242825
2177 -0.348780222001848
2178 -0.348940426751224
2179 -0.349100631489705
2180 -0.349260836217184
2181 -0.349421040934841
2182 -0.349581245641755
2183 -0.349741450338552
2184 -0.349901655023283
2185 -0.35006185969927
2186 -0.3502220643646
2187 -0.350382269018925
2188 -0.350542473662574
2189 -0.350702678296278
2190 -0.350862882918268
2191 -0.351023087531294
2192 -0.351183292132643
2193 -0.351343496723119
2194 -0.351503701303348
2195 -0.351663905873967
2196 -0.351824110432761
2197 -0.351984314982228
2198 -0.352144519520107
2199 -0.352304724047843
2200 -0.352464928564769
2201 -0.352625133071203
2202 -0.352785337567161
2203 -0.35294554205261
2204 -0.353105746527565
2205 -0.353265950991638
2206 -0.353426155445057
2207 -0.353586359887903
2208 -0.353746564319769
2209 -0.353906768741633
2210 -0.354066973152826
2211 -0.354227177552739
2212 -0.354387381942886
2213 -0.354547586322093
2214 -0.354707790690787
2215 -0.354867995048268
2216 -0.355028199395893
2217 -0.355188403732586
2218 -0.355348608058406
2219 -0.35550881237275
2220 -0.355669016677507
2221 -0.355829220971596
2222 -0.355989425255431
2223 -0.356149629527578
2224 -0.356309833789433
2225 -0.356470038040721
2226 -0.356630242281037
2227 -0.356790446510748
2228 -0.356950650730256
2229 -0.357110854939266
2230 -0.357271059136383
2231 -0.357431263323792
2232 -0.357591467499336
2233 -0.357751671665473
2234 -0.357911875819867
2235 -0.358072079964383
2236 -0.358232284098358
2237 -0.358392488220038
2238 -0.358552692332253
2239 -0.35871289643361
2240 -0.358873100524241
2241 -0.359033304603562
2242 -0.359193508671957
2243 -0.359353712730371
2244 -0.359513916778349
2245 -0.359674120815056
2246 -0.35983432484096
2247 -0.359994528856765
2248 -0.360154732859635
2249 -0.360314936853503
2250 -0.360475140836033
2251 -0.360635344807973
2252 -0.360795548769868
2253 -0.360955752720593
2254 -0.361115956658819
2255 -0.361276160588136
2256 -0.361436364505763
2257 -0.361596568413796
2258 -0.361756772309495
2259 -0.361916976195272
2260 -0.362077180069
2261 -0.362237383934095
2262 -0.362397587786187
2263 -0.362557791628842
2264 -0.362717995459875
2265 -0.36287819928052
2266 -0.363038403090183
2267 -0.363198606889077
2268 -0.363358810676275
2269 -0.363519014453366
2270 -0.363679218219866
2271 -0.36383942197517
2272 -0.363999625719545
2273 -0.364159829452746
2274 -0.364320033174979
2275 -0.364480236887361
2276 -0.364640440587767
2277 -0.364800644277109
2278 -0.364960847957118
2279 -0.365121051624936
2280 -0.365281255282099
2281 -0.365441458928242
2282 -0.365601662563885
2283 -0.365761866187602
2284 -0.365922069801926
2285 -0.366082273403925
2286 -0.366242476996047
2287 -0.366402680577025
2288 -0.366562884146423
2289 -0.366723087704539
2290 -0.366883291252812
2291 -0.367043494789493
2292 -0.367203698315372
2293 -0.367363901829989
2294 -0.367524105334172
2295 -0.367684308827295
2296 -0.367844512308835
2297 -0.368004715780434
2298 -0.368164919240077
2299 -0.368325122688998
2300 -0.36848532612707
2301 -0.368645529554021
2302 -0.368805732970119
2303 -0.368965936375763
2304 -0.369126139769276
2305 -0.369286343152221
2306 -0.369446546524093
2307 -0.369606749884597
2308 -0.369766953235126
2309 -0.369927156574232
2310 -0.370087359901653
2311 -0.370247563218861
2312 -0.370407766524488
2313 -0.370567969819264
2314 -0.370728173102701
2315 -0.370888376374917
2316 -0.371048579637026
2317 -0.371208782886877
2318 -0.371368986126147
2319 -0.371529189355163
2320 -0.371689392572574
2321 -0.371849595777772
2322 -0.372009798973555
2323 -0.372170002156773
2324 -0.372330205329824
2325 -0.372490408492018
2326 -0.372650611642924
2327 -0.372810814781883
2328 -0.372971017910249
2329 -0.373131221027259
2330 -0.373291424133872
2331 -0.373451627228767
2332 -0.373611830312288
2333 -0.373772033385679
2334 -0.373932236447618
2335 -0.374092439497718
2336 -0.374252642537914
2337 -0.374412845565502
2338 -0.374573048582341
2339 -0.374733251588011
2340 -0.374893454582561
2341 -0.375053657566587
2342 -0.375213860538975
2343 -0.375374063499619
2344 -0.375534266449658
2345 -0.375694469389055
2346 -0.375854672316684
2347 -0.376014875232422
2348 -0.376175078138028
2349 -0.376335281031784
2350 -0.376495483914494
2351 -0.37665568678604
2352 -0.37681588964687
2353 -0.376976092495568
2354 -0.377136295333753
2355 -0.377296498160158
2356 -0.377456700975919
2357 -0.377616903779951
2358 -0.377777106572937
2359 -0.377937309355111
2360 -0.378097512125155
2361 -0.378257714884054
2362 -0.37841791763253
2363 -0.378578120369476
2364 -0.378738323094299
2365 -0.378898525808405
2366 -0.379058728511654
2367 -0.379218931203549
2368 -0.379379133883683
2369 -0.379539336553162
2370 -0.379699539210479
2371 -0.379859741856645
2372 -0.38001994449187
2373 -0.380180147115921
2374 -0.380340349728635
2375 -0.380500552329604
2376 -0.380660754919811
2377 -0.380820957498717
2378 -0.380981160064903
2379 -0.381141362620527
2380 -0.381301565165914
2381 -0.38146176769953
2382 -0.381621970221112
2383 -0.381782172731324
2384 -0.381942375230891
2385 -0.38210257771886
2386 -0.382262780194746
2387 -0.382422982660299
2388 -0.38258318511393
2389 -0.382743387556162
2390 -0.382903589987193
2391 -0.383063792407071
2392 -0.383223994815637
2393 -0.383384197211469
2394 -0.383544399597368
2395 -0.383704601971156
2396 -0.383864804333795
2397 -0.384025006684818
2398 -0.384185209024949
2399 -0.384345411353627
2400 -0.384505613670611
2401 -0.384665815975596
2402 -0.384826018270119
2403 -0.384986220553021
2404 -0.385146422824157
2405 -0.38530662508368
2406 -0.385466827332007
2407 -0.385627029568381
2408 -0.385787231794424
2409 -0.385947434009092
2410 -0.386107636211503
2411 -0.386267838402186
2412 -0.386428040581515
2413 -0.386588242749563
2414 -0.386748444906566
2415 -0.386908647052067
2416 -0.387068849185584
2417 -0.387229051306861
2418 -0.387389253417652
2419 -0.387549455517636
2420 -0.38770965760426
2421 -0.387869859680726
2422 -0.388030061745775
2423 -0.388190263797609
2424 -0.388350465839629
2425 -0.388510667870472
2426 -0.388670869888557
2427 -0.388831071895516
2428 -0.388991273891874
2429 -0.389151475875158
2430 -0.389311677846775
2431 -0.389471879807805
2432 -0.389632081757728
2433 -0.389792283694692
2434 -0.389952485620923
2435 -0.390112687535779
2436 -0.390272889438029
2437 -0.390433091330413
2438 -0.390593293209491
2439 -0.390753495078425
2440 -0.390913696934369
2441 -0.391073898779318
2442 -0.391234100612797
2443 -0.391394302434938
2444 -0.391554504244991
2445 -0.391714706043131
2446 -0.391874907830014
2447 -0.3920351096059
2448 -0.392195311369153
2449 -0.392355513122056
2450 -0.392515714862907
2451 -0.392675916590948
2452 -0.392836118307688
2453 -0.392996320012927
2454 -0.393156521707903
2455 -0.3933167233896
2456 -0.393476925059688
2457 -0.393637126718595
2458 -0.393797328365511
2459 -0.393957530001348
2460 -0.394117731625434
2461 -0.394277933237484
2462 -0.394438134837679
2463 -0.394598336426421
2464 -0.394758538003602
2465 -0.394918739568645
2466 -0.395078941122748
2467 -0.395239142665472
2468 -0.395399344194744
2469 -0.395559545712748
2470 -0.395719747219546
2471 -0.395879948714743
2472 -0.396040150198858
2473 -0.396200351670346
2474 -0.396360553129533
2475 -0.396520754577979
2476 -0.396680956013668
2477 -0.396841157439436
2478 -0.397001358852653
2479 -0.397161560252669
2480 -0.397321761642438
2481 -0.397481963019767
2482 -0.397642164385677
2483 -0.397802365739778
2484 -0.397962567082373
2485 -0.398122768412241
2486 -0.398282969731102
2487 -0.398443171037728
2488 -0.39860337233256
2489 -0.398763573615972
2490 -0.398923774888326
2491 -0.399083976147677
2492 -0.399244177394936
2493 -0.399404378630967
2494 -0.399564579854296
2495 -0.399724781067761
2496 -0.399884982268277
2497 -0.400045183457061
2498 -0.400205384633566
2499 -0.400365585798737
2500 -0.400525786951297
2501 -0.400685988093013
2502 -0.400846189221946
2503 -0.401006390339562
2504 -0.401166591445006
2505 -0.401326792539109
2506 -0.401486993621142
2507 -0.401647194690597
2508 -0.401807395749086
2509 -0.40196759679504
2510 -0.402127797829259
2511 -0.402287998851976
2512 -0.402448199862758
2513 -0.402608400861599
2514 -0.402768601847743
2515 -0.402928802822317
2516 -0.403089003785325
2517 -0.403249204736637
2518 -0.403409405675117
2519 -0.403569606602737
2520 -0.403729807518242
2521 -0.403890008421102
2522 -0.404050209311969
2523 -0.404210410190977
2524 -0.404370611059361
2525 -0.404530811914031
2526 -0.404691012756822
2527 -0.404851213589557
2528 -0.40501141440788
2529 -0.405171615216045
2530 -0.405331816011492
2531 -0.405492016794949
2532 -0.405652217565872
2533 -0.405812418325873
2534 -0.405972619073881
2535 -0.406132819809216
2536 -0.406293020532633
2537 -0.406453221243674
2538 -0.406613421943445
2539 -0.406773622631143
2540 -0.4069338233062
2541 -0.407094023969733
2542 -0.407254224621635
2543 -0.407414425260528
2544 -0.407574625887642
2545 -0.407734826502611
2546 -0.407895027106418
2547 -0.408055227697539
2548 -0.408215428276689
2549 -0.408375628843477
2550 -0.408535829398252
2551 -0.408696029941201
2552 -0.408856230472749
2553 -0.409016430990822
2554 -0.409176631496973
2555 -0.409336831992654
2556 -0.409497032473688
2557 -0.40965723294515
2558 -0.40981743340303
2559 -0.409977633848974
2560 -0.410137834282652
2561 -0.410298034704878
2562 -0.410458235114378
2563 -0.410618435512089
2564 -0.410778635897976
2565 -0.410938836271197
2566 -0.411099036632171
2567 -0.411259236981655
2568 -0.411419437317969
2569 -0.411579637642383
2570 -0.411739837955199
2571 -0.411900038256364
2572 -0.412060238544269
2573 -0.412220438819146
2574 -0.412380639084109
2575 -0.412540839334952
2576 -0.412701039575159
2577 -0.412861239802543
2578 -0.413021440018144
2579 -0.413181640220518
2580 -0.413341840410615
2581 -0.413502040590525
2582 -0.413662240756577
2583 -0.413822440909886
2584 -0.413982641052638
2585 -0.414142841182083
2586 -0.41430304129967
2587 -0.414463241405128
2588 -0.414623441498487
2589 -0.41478364157926
2590 -0.414943841647111
2591 -0.415104041703531
2592 -0.415264241747426
2593 -0.415424441779886
2594 -0.415584641799516
2595 -0.415744841805803
2596 -0.415905041801009
2597 -0.41606524178378
2598 -0.416225441755072
2599 -0.416385641712153
2600 -0.416545841658205
2601 -0.416706041591216
2602 -0.416866241513566
2603 -0.417026441422044
2604 -0.417186641318633
2605 -0.41734684120306
2606 -0.417507041074541
2607 -0.417667240934231
2608 -0.417827440781148
2609 -0.417987640616552
2610 -0.41814784043926
2611 -0.418308040249179
2612 -0.418468240047488
2613 -0.418628439833515
2614 -0.418788639606296
2615 -0.418948839367932
2616 -0.419109039115899
2617 -0.419269238851873
2618 -0.419429438576435
2619 -0.419589638287641
2620 -0.419749837987174
2621 -0.419910037673509
2622 -0.420070237348077
2623 -0.420230437010051
2624 -0.42039063665876
2625 -0.420550836296089
2626 -0.420711035921712
2627 -0.42087123553372
2628 -0.421031435134218
2629 -0.421191634721288
2630 -0.421351834296866
2631 -0.421512033859191
2632 -0.421672233409323
2633 -0.421832432947413
2634 -0.421992632472457
2635 -0.422152831986021
2636 -0.422313031486376
2637 -0.422473230974643
2638 -0.422633430449615
2639 -0.422793629912095
2640 -0.422953829363121
2641 -0.423114028801289
2642 -0.423274228227078
2643 -0.42343442764032
2644 -0.423594627041097
2645 -0.423754826429041
2646 -0.423915025804494
2647 -0.424075225168289
2648 -0.424235424518948
2649 -0.424395623857504
2650 -0.424555823183247
2651 -0.42471602249561
2652 -0.424876221796877
2653 -0.425036421085625
2654 -0.425196620360895
2655 -0.42535681962322
2656 -0.425517018874576
2657 -0.425677218112341
2658 -0.425837417337511
2659 -0.42599761655013
2660 -0.426157815750822
2661 -0.426318014939686
2662 -0.426478214115415
2663 -0.426638413277437
2664 -0.42679861242838
2665 -0.426958811564972
2666 -0.42711901069049
2667 -0.427279209803018
2668 -0.427439408902098
2669 -0.427599607989809
2670 -0.42775980706428
2671 -0.427920006126121
2672 -0.428080205175752
2673 -0.428240404212353
2674 -0.428400603236197
2675 -0.428560802247624
2676 -0.428721001247525
2677 -0.428881200234144
2678 -0.42904139920661
2679 -0.429201598168815
2680 -0.429361797116954
2681 -0.429521996051455
2682 -0.429682194975252
2683 -0.42984239388545
2684 -0.430002592782768
2685 -0.430162791669084
2686 -0.430322990541186
2687 -0.430483189401291
2688 -0.430643388248507
2689 -0.430803587082079
2690 -0.43096378590404
2691 -0.431123984713638
2692 -0.431284183509451
2693 -0.431444382293892
2694 -0.43160458106356
2695 -0.431764779822423
2696 -0.431924978568181
2697 -0.432085177301016
2698 -0.432245376021667
2699 -0.432405574728221
2700 -0.43256577342235
2701 -0.432725972105702
2702 -0.432886170773662
2703 -0.433046369430261
2704 -0.433206568074466
2705 -0.433366766705515
2706 -0.433526965323429
2707 -0.433687163928367
2708 -0.433847362520712
2709 -0.434007561101623
2710 -0.43416775966823
2711 -0.434327958223076
2712 -0.434488156764314
2713 -0.434648355292684
2714 -0.434808553808659
2715 -0.434968752311183
2716 -0.435128950801955
2717 -0.435289149279621
2718 -0.435449347745652
2719 -0.435609546196368
2720 -0.435769744635777
2721 -0.435929943061643
2722 -0.436090141475312
2723 -0.436250339876272
2724 -0.436410538264122
2725 -0.436570736638349
2726 -0.436730934999608
2727 -0.43689113335036
2728 -0.437051331685967
2729 -0.437211530009844
2730 -0.437371728320262
2731 -0.437531926618276
2732 -0.437692124903578
2733 -0.437852323174547
2734 -0.438012521434258
2735 -0.438172719680459
2736 -0.438332917914372
2737 -0.438493116135215
2738 -0.438653314342346
2739 -0.438813512536269
2740 -0.438973710719053
2741 -0.439133908887539
2742 -0.439294107043377
2743 -0.439454305186691
2744 -0.439614503317299
2745 -0.439774701433956
2746 -0.439934899537491
2747 -0.440095097629236
2748 -0.440255295707697
2749 -0.440415493773736
2750 -0.440575691825233
2751 -0.440735889865189
2752 -0.440896087891302
2753 -0.441056285905258
2754 -0.441216483905343
2755 -0.441376681892914
2756 -0.441536879868075
2757 -0.441697077830314
2758 -0.441857275778518
2759 -0.442017473714295
2760 -0.442177671636645
2761 -0.442337869546687
2762 -0.442498067443612
2763 -0.442658265326951
2764 -0.442818463197224
2765 -0.44297866105586
2766 -0.443138858900399
2767 -0.443299056732057
2768 -0.443459254550043
2769 -0.44361945235518
2770 -0.443779650146692
2771 -0.443939847926669
2772 -0.444100045693221
2773 -0.444260243446776
2774 -0.444420441186867
2775 -0.444580638913908
2776 -0.444740836627798
2777 -0.444901034329045
2778 -0.445061232017988
2779 -0.445221429692584
2780 -0.445381627353696
2781 -0.445541825002833
2782 -0.445702022637579
2783 -0.445862220260969
2784 -0.446022417870509
2785 -0.446182615466644
2786 -0.446342813050153
2787 -0.446503010619405
2788 -0.446663208175951
2789 -0.446823405719804
2790 -0.446983603252161
2791 -0.447143800768738
2792 -0.447303998272893
2793 -0.447464195764974
2794 -0.447624393243357
2795 -0.447784590707935
2796 -0.447944788160054
2797 -0.448104985598576
2798 -0.448265183024073
2799 -0.448425380435741
2800 -0.448585577835557
2801 -0.448745775221027
2802 -0.448905972594048
2803 -0.449066169953212
2804 -0.449226367299639
2805 -0.449386564633142
2806 -0.449546761953537
2807 -0.449706959260622
2808 -0.449867156553764
2809 -0.450027353834401
2810 -0.45018755110194
2811 -0.450347748354871
2812 -0.45050794559568
2813 -0.450668142823292
2814 -0.450828340036853
2815 -0.450988537238299
2816 -0.451148734425346
2817 -0.451308931600955
2818 -0.451469128761663
2819 -0.451629325909287
2820 -0.451789523044623
2821 -0.451949720166224
2822 -0.452109917273958
2823 -0.452270114369424
2824 -0.452430311450873
2825 -0.452590508518416
2826 -0.45275070557503
2827 -0.452910902616121
2828 -0.453071099643911
2829 -0.453231296659622
2830 -0.453391493662052
2831 -0.453551690649825
2832 -0.453711887625015
2833 -0.453872084586724
2834 -0.454032281535487
2835 -0.454192478470661
2836 -0.45435267539266
2837 -0.454512872300728
2838 -0.454673069195605
2839 -0.454833266078198
2840 -0.454993462946111
2841 -0.455153659801371
2842 -0.455313856643929
2843 -0.455474053471209
2844 -0.45563425028711
2845 -0.455794447089109
2846 -0.455954643876651
2847 -0.456114840651259
2848 -0.456275037413743
2849 -0.456435234161058
2850 -0.456595430895096
2851 -0.456755627616926
2852 -0.456915824324867
2853 -0.457076021019231
2854 -0.457236217700459
2855 -0.457396414368344
2856 -0.457556611022253
2857 -0.457716807662576
2858 -0.457877004289932
2859 -0.458037200904049
2860 -0.458197397504748
2861 -0.45835759409206
2862 -0.458517790665613
2863 -0.458677987225322
2864 -0.45883818377137
2865 -0.458998380305695
2866 -0.459158576824787
2867 -0.459318773330712
2868 -0.459478969823846
2869 -0.459639166302804
2870 -0.459799362769068
2871 -0.459959559221071
2872 -0.460119755660518
2873 -0.46027995208515
2874 -0.460440148496492
2875 -0.460600344894933
2876 -0.460760541279798
2877 -0.460920737651291
2878 -0.461080934008728
2879 -0.461241130353334
2880 -0.461401326683603
2881 -0.461561523000741
2882 -0.461721719304202
2883 -0.461881915595003
2884 -0.462042111870482
2885 -0.462202308135419
2886 -0.462362504382986
2887 -0.462522700618664
2888 -0.462682896840892
2889 -0.462843093050501
2890 -0.463003289245182
2891 -0.463163485426254
2892 -0.463323681594568
2893 -0.46348387774841
2894 -0.463644073889669
2895 -0.463804270015893
2896 -0.463964466129332
2897 -0.464124662230038
2898 -0.464284858316382
2899 -0.464445054389153
2900 -0.464605250448383
2901 -0.464765446493332
2902 -0.464925642525534
2903 -0.465085838543972
2904 -0.465246034547571
2905 -0.465406230538551
2906 -0.465566426516501
2907 -0.465726622479754
2908 -0.465886818429087
2909 -0.466047014365581
2910 -0.466207210288174
2911 -0.466367406196946
2912 -0.466527602092512
2913 -0.466687797973474
2914 -0.46684799384192
2915 -0.467008189695622
2916 -0.467168385536238
2917 -0.467328581363302
2918 -0.467488777176092
2919 -0.467648972976117
2920 -0.467809168761026
2921 -0.467969364532877
2922 -0.468129560291773
2923 -0.46828975603608
2924 -0.468449951767013
2925 -0.468610147483251
2926 -0.468770343186857
2927 -0.468930538876629
2928 -0.469090734552413
2929 -0.469250930213791
2930 -0.469411125862692
2931 -0.469571321496464
2932 -0.469731517117304
2933 -0.46989171272481
2934 -0.470051908318229
2935 -0.470212103896662
2936 -0.470372299463362
2937 -0.470532495015487
2938 -0.470692690552181
2939 -0.470852886077347
2940 -0.47101308158726
2941 -0.471173277083874
2942 -0.471333472566491
2943 -0.471493668035858
2944 -0.471653863491205
2945 -0.471814058932098
2946 -0.471974254360505
2947 -0.472134449773436
2948 -0.472294645173644
2949 -0.472454840559457
2950 -0.472615035931095
2951 -0.472775231289963
2952 -0.472935426634756
2953 -0.473095621965377
2954 -0.47325581728172
2955 -0.473416012584609
2956 -0.473576207873408
2957 -0.473736403148816
2958 -0.473896598410085
2959 -0.474056793656945
2960 -0.474216988890419
2961 -0.474377184110051
2962 -0.474537379315952
2963 -0.474697574507485
2964 -0.474857769685248
2965 -0.475017964849946
2966 -0.475178159999138
2967 -0.475338355135279
2968 -0.475498550258354
2969 -0.475658745366506
2970 -0.475818940460245
2971 -0.475979135540641
2972 -0.476139330607556
2973 -0.47629952565966
2974 -0.476459720697551
2975 -0.476619915722411
2976 -0.476780110733158
2977 -0.476940305729477
2978 -0.477100500712451
2979 -0.477260695681065
2980 -0.477420890635532
2981 -0.477581085576056
2982 -0.477741280503435
2983 -0.477901475416032
2984 -0.478061670313979
2985 -0.478221865198285
2986 -0.478382060070965
2987 -0.478542254926773
2988 -0.478702449768677
2989 -0.478862644597691
2990 -0.479022839411994
2991 -0.479183034212163
2992 -0.479343228999135
2993 -0.479503423771598
2994 -0.479663618530421
2995 -0.479823813274466
2996 -0.47998400800485
2997 -0.480144202721734
2998 -0.480304397422773
2999 -0.480464592110725
3000 -0.480624786785017
3001 -0.480784981445545
3002 -0.480945176090978
3003 -0.481105370722895
3004 -0.48126556534115
3005 -0.481425759944671
3006 -0.481585954534023
3007 -0.481746149109426
3008 -0.481906343670685
3009 -0.482066538218179
3010 -0.482226732750875
3011 -0.482386927270143
3012 -0.482547121775256
3013 -0.482707316265212
3014 -0.482867510741685
3015 -0.483027705204775
3016 -0.483187899652219
3017 -0.483348094086545
3018 -0.48350828850762
3019 -0.483668482912482
3020 -0.483828677304065
3021 -0.483988871681976
3022 -0.484149066044279
3023 -0.484309260393646
3024 -0.484469454728421
3025 -0.484629649049415
3026 -0.484789843355077
3027 -0.484950037649366
3028 -0.485110231926758
3029 -0.485270426191061
3030 -0.485430620440948
3031 -0.485590814675757
3032 -0.485751008897015
3033 -0.48591120310405
3034 -0.486071397297814
3035 -0.486231591476125
3036 -0.486391785640042
3037 -0.48655197979101
3038 -0.486712173926665
3039 -0.486872368047938
3040 -0.487032562155415
3041 -0.487192756249332
3042 -0.487352950327912
3043 -0.487513144392241
3044 -0.487673338442953
3045 -0.487833532479188
3046 -0.487993726501269
3047 -0.488153920508466
3048 -0.488314114501087
3049 -0.488474308480984
3050 -0.4886345024453
3051 -0.488794696396017
3052 -0.488954890331608
3053 -0.489115084253603
3054 -0.489275278160059
3055 -0.489435472054199
3056 -0.489595665932812
3057 -0.489755859797511
3058 -0.489916053647421
3059 -0.490076247482772
3060 -0.490236441304904
3061 -0.490396635110743
3062 -0.490556828904468
3063 -0.490717022682265
3064 -0.490877216446493
3065 -0.491037410195625
3066 -0.491197603931021
3067 -0.491357797652448
3068 -0.491517991358675
3069 -0.49167818505052
3070 -0.491838378728357
3071 -0.491998572392288
3072 -0.492158766040839
3073 -0.492318959675279
3074 -0.492479153295945
3075 -0.492639346901529
3076 -0.492799540492345
3077 -0.492959734069184
3078 -0.493119927632054
3079 -0.49328012117979
3080 -0.493440314713601
3081 -0.493600508232296
3082 -0.493760701737522
3083 -0.49392089522779
3084 -0.494081088703508
3085 -0.494241282164793
3086 -0.494401475611329
3087 -0.494561669043831
3088 -0.494721862461979
3089 -0.494882055865616
3090 -0.495042249254422
3091 -0.495202442628881
3092 -0.495362635988915
3093 -0.495522829334583
3094 -0.495683022666163
3095 -0.495843215981635
3096 -0.496003409283598
3097 -0.496163602571851
3098 -0.496323795845301
3099 -0.496483989103041
3100 -0.496644182347361
3101 -0.496804375577286
3102 -0.496964568792164
3103 -0.497124761992334
3104 -0.497284955177686
3105 -0.497445148348592
3106 -0.497605341505569
3107 -0.497765534648351
3108 -0.497925727775494
3109 -0.498085920888791
3110 -0.498246113987227
3111 -0.498406307071597
3112 -0.498566500140597
3113 -0.498726693195298
3114 -0.498886886234576
3115 -0.499047079260314
3116 -0.499207272271915
3117 -0.499367465268136
3118 -0.499527658249648
3119 -0.499687851216983
3120 -0.499848044169315
3121 -0.500008237107164
3122 -0.500168430030633
3123 -0.500328622939604
3124 -0.500488815832599
3125 -0.500649008712918
3126 -0.500809201577342
3127 -0.500969394426689
3128 -0.501129587262003
3129 -0.501289780082556
3130 -0.501449972889653
3131 -0.501610165680171
3132 -0.501770358458557
3133 -0.501930551219493
3134 -0.502090743966595
3135 -0.502250936699604
3136 -0.502411129418679
3137 -0.502571322121694
3138 -0.502731514809493
3139 -0.502891707483818
3140 -0.503051900143174
3141 -0.503212092787051
3142 -0.503372285418049
3143 -0.503532478032872
3144 -0.503692670633361
3145 -0.503852863218548
3146 -0.504013055789867
3147 -0.504173248345755
3148 -0.504333440887658
3149 -0.504493633414447
3150 -0.504653825926048
3151 -0.50481401842317
3152 -0.504974210905506
3153 -0.505134403374158
3154 -0.505294595825712
3155 -0.505454788263886
3156 -0.505614980687565
3157 -0.50577517309678
3158 -0.505935365489783
3159 -0.506095557868362
3160 -0.506255750232895
3161 -0.506415942582772
3162 -0.506576134916226
3163 -0.506736327236629
3164 -0.506896519541518
3165 -0.507056711832703
3166 -0.507216904106652
3167 -0.507377096367662
3168 -0.507537288613176
3169 -0.507697480844322
3170 -0.507857673059241
3171 -0.508017865261401
3172 -0.50817805744738
3173 -0.508338249618635
3174 -0.508498441775634
3175 -0.508658633916635
3176 -0.508818826043607
3177 -0.508979018155641
3178 -0.509139210252659
3179 -0.509299402335038
3180 -0.509459594401901
3181 -0.509619786454588
3182 -0.509779978491951
3183 -0.509940170515275
3184 -0.510100362522657
3185 -0.510260554514713
3186 -0.510420746493152
3187 -0.510580938456281
3188 -0.51074113040396
3189 -0.510901322337036
3190 -0.511061514255081
3191 -0.511221706158144
3192 -0.511381898046485
3193 -0.511542089920122
3194 -0.511702281779308
3195 -0.511862473621853
3196 -0.512022665449344
3197 -0.51218285726381
3198 -0.512343049062113
3199 -0.512503240845519
3200 -0.512663432614205
3201 -0.512823624367841
3202 -0.512983816106523
3203 -0.51314400783032
3204 -0.513304199538372
3205 -0.513464391231926
3206 -0.513624582911049
3207 -0.513784774574151
3208 -0.513944966223046
3209 -0.514105157856749
3210 -0.514265349475006
3211 -0.514425541078909
3212 -0.514585732668294
3213 -0.514745924240336
3214 -0.514906115799374
3215 -0.515066307342524
3216 -0.515226498871527
3217 -0.515386690384616
3218 -0.515546881882898
3219 -0.515707073366471
3220 -0.51586726483348
3221 -0.516027456286093
3222 -0.516187647724266
3223 -0.516347839148343
3224 -0.51650803055559
3225 -0.516668221947664
3226 -0.516828413325255
3227 -0.516988604687619
3228 -0.517148796034518
3229 -0.517308987367647
3230 -0.517469178684086
3231 -0.517629369985731
3232 -0.51778956127413
3233 -0.51794975254436
3234 -0.518109943801767
3235 -0.51827013504284
3236 -0.518430326269556
3237 -0.518590517480897
3238 -0.518750708676932
3239 -0.518910899857418
3240 -0.519071091023266
3241 -0.519231282174202
3242 -0.519391473308724
3243 -0.519551664428757
3244 -0.519711855534521
3245 -0.519872046624555
3246 -0.520032237698255
3247 -0.520192428758
3248 -0.520352619803183
3249 -0.520512810831267
3250 -0.520673001845609
3251 -0.520833192843642
3252 -0.520993383827811
3253 -0.521153574796001
3254 -0.521313765749026
3255 -0.521473956687253
3256 -0.521634147609289
3257 -0.521794338515782
3258 -0.52195452940818
3259 -0.522114720285635
3260 -0.52227491114647
3261 -0.522435101993793
3262 -0.522595292824614
3263 -0.522755483640915
3264 -0.522915674441148
3265 -0.523075865226493
3266 -0.523236055996164
3267 -0.523396246750778
3268 -0.523556437489878
3269 -0.523716628213393
3270 -0.52387681892334
3271 -0.524037009615704
3272 -0.524197200294367
3273 -0.524357390956926
3274 -0.5245175816045
3275 -0.524677772236472
3276 -0.52483796285431
3277 -0.524998153455296
3278 -0.525158344041849
3279 -0.525318534612239
3280 -0.525478725167578
3281 -0.525638915709062
3282 -0.525799106233365
3283 -0.525959296742759
3284 -0.526119487236941
3285 -0.526279677714785
3286 -0.526439868179684
3287 -0.526600058627116
3288 -0.526760249060076
3289 -0.526920439477349
3290 -0.527080629879133
3291 -0.52724082026476
3292 -0.527401010636624
3293 -0.527561200992641
3294 -0.527721391333345
3295 -0.527881581657363
3296 -0.528041771966962
3297 -0.528201962260727
3298 -0.528362152539633
3299 -0.528522342802484
3300 -0.528682533051008
3301 -0.52884272328324
3302 -0.529002913499762
3303 -0.529163103701909
3304 -0.529323293886913
3305 -0.529483484057073
3306 -0.529643674213342
3307 -0.52980386435229
3308 -0.529964054476166
3309 -0.530124244585019
3310 -0.53028443467925
3311 -0.530444624756452
3312 -0.530604814818383
3313 -0.530765004864801
3314 -0.530925194896931
3315 -0.531085384911602
3316 -0.531245574912557
3317 -0.531405764897077
3318 -0.531565954866439
3319 -0.531726144820197
3320 -0.531886334757751
3321 -0.532046524680972
3322 -0.532206714587977
3323 -0.532366904478492
3324 -0.532527094355517
3325 -0.532687284214991
3326 -0.532847474060683
3327 -0.533007663890172
3328 -0.533167853703518
3329 -0.533328043502597
3330 -0.533488233284551
3331 -0.533648423051897
3332 -0.533808612803214
3333 -0.533968802538683
3334 -0.534128992260136
3335 -0.53428918196397
3336 -0.534449371653795
3337 -0.534609561326576
3338 -0.534769750984382
3339 -0.534929940626738
3340 -0.535090130253278
3341 -0.535250319865576
3342 -0.535410509460281
3343 -0.535570699040485
3344 -0.535730888604332
3345 -0.535891078152416
3346 -0.536051267685628
3347 -0.536211457203441
3348 -0.536371646704853
3349 -0.5365318361908
3350 -0.536692025660671
3351 -0.53685221511571
3352 -0.537012404554692
3353 -0.537172593977394
3354 -0.537332783385451
3355 -0.537492972777062
3356 -0.537653162153014
3357 -0.537813351514348
3358 -0.537973540858499
3359 -0.538133730187343
3360 -0.53829391950098
3361 -0.538454108798667
3362 -0.538614298080992
3363 -0.538774487347274
3364 -0.538934676598409
3365 -0.539094865831889
3366 -0.539255055050912
3367 -0.53941524425414
3368 -0.539575433442207
3369 -0.539735622614183
3370 -0.539895811769979
3371 -0.540056000911319
3372 -0.540216190035424
3373 -0.540376379144012
3374 -0.540536568236996
3375 -0.540696757315064
3376 -0.540856946376161
3377 -0.54101713542215
3378 -0.541177324451955
3379 -0.541337513465482
3380 -0.541497702464041
3381 -0.541657891446048
3382 -0.541818080413193
3383 -0.541978269364822
3384 -0.542138458298737
3385 -0.542298647218807
3386 -0.542458836121671
3387 -0.542619025008608
3388 -0.542779213881194
3389 -0.542939402737199
3390 -0.543099591576244
3391 -0.543259780401977
3392 -0.543419969210264
3393 -0.543580158002368
3394 -0.543740346779466
3395 -0.543900535540356
3396 -0.544060724284193
3397 -0.544220913014563
3398 -0.544381101727401
3399 -0.544541290423957
3400 -0.544701479105296
3401 -0.544861667770787
3402 -0.54502185642107
3403 -0.545182045054507
3404 -0.54534223367292
3405 -0.545502422274173
3406 -0.545662610859249
3407 -0.545822799430556
3408 -0.545982987984357
3409 -0.546143176523348
3410 -0.546303365044898
3411 -0.546463553551123
3412 -0.546623742041086
3413 -0.546783930515681
3414 -0.546944118974463
3415 -0.54710430741658
3416 -0.547264495841994
3417 -0.547424684254192
3418 -0.547584872649219
3419 -0.54774506102739
3420 -0.547905249390315
3421 -0.548065437736327
3422 -0.548225626067181
3423 -0.548385814381037
3424 -0.54854600268095
3425 -0.54870619096254
3426 -0.548866379229326
3427 -0.549026567480675
3428 -0.549186755715638
3429 -0.549346943933659
3430 -0.549507132134981
3431 -0.54966732032258
3432 -0.54982750849336
3433 -0.549987696647986
3434 -0.550147884786626
3435 -0.550308072907752
3436 -0.550468261014402
3437 -0.550628449105563
3438 -0.550788637178948
3439 -0.55094882523709
3440 -0.551109013279879
3441 -0.551269201305487
3442 -0.551429389314805
3443 -0.551589577309358
3444 -0.551749765288135
3445 -0.551909953248419
3446 -0.552070141193426
3447 -0.552230329123531
3448 -0.552390517036301
3449 -0.552550704933884
3450 -0.552710892814937
3451 -0.55287108068074
3452 -0.553031268528063
3453 -0.553191456361686
3454 -0.553351644178344
3455 -0.553511831978434
3456 -0.553672019762887
3457 -0.553832207530625
3458 -0.553992395283041
3459 -0.554152583018081
3460 -0.554312770738047
3461 -0.554472958441651
3462 -0.554633146129457
3463 -0.55479333380067
3464 -0.554953521454972
3465 -0.555113709094519
3466 -0.555273896716623
3467 -0.555434084323231
3468 -0.555594271912741
3469 -0.555754459486481
3470 -0.555914647044312
3471 -0.556074834586093
3472 -0.55623502211231
3473 -0.556395209621768
3474 -0.556555397113865
3475 -0.556715584590519
3476 -0.556875772051642
3477 -0.557035959494795
3478 -0.55719614692269
3479 -0.557356334334895
3480 -0.557516521730358
3481 -0.557676709107956
3482 -0.557836896471804
3483 -0.557997083818359
3484 -0.558157271148562
3485 -0.558317458462555
3486 -0.558477645761398
3487 -0.558637833042031
3488 -0.558798020307753
3489 -0.558958207556899
3490 -0.559118394789415
3491 -0.559278582006388
3492 -0.559438769205226
3493 -0.55959895638919
3494 -0.559759143556662
3495 -0.559919330707502
3496 -0.560079517842339
3497 -0.560239704960261
3498 -0.560399892062767
3499 -0.560560079147613
3500 -0.56072026621772
3501 -0.560880453271015
3502 -0.561040640307364
3503 -0.561200827327472
3504 -0.561361014331813
3505 -0.561521201319619
3506 -0.561681388290448
3507 -0.561841575244607
3508 -0.562001762183213
3509 -0.562161949105795
3510 -0.562322136010913
3511 -0.562482322900647
3512 -0.562642509772873
3513 -0.562802696629787
3514 -0.562962883468997
3515 -0.563123070293121
3516 -0.563283257100064
3517 -0.563443443891008
3518 -0.563603630665152
3519 -0.563763817422565
3520 -0.56392400416489
3521 -0.564084190889771
3522 -0.564244377598207
3523 -0.564404564290514
3524 -0.564564750965394
3525 -0.56472493762533
3526 -0.56488512426848
3527 -0.565045310893544
3528 -0.565205497503593
3529 -0.565365684096989
3530 -0.565525870674052
3531 -0.565686057234775
3532 -0.565846243778519
3533 -0.566006430305681
3534 -0.566166616816865
3535 -0.566326803310507
3536 -0.566486989788296
3537 -0.566647176249644
3538 -0.566807362694188
3539 -0.566967549122799
3540 -0.56712773553428
3541 -0.567287921929306
3542 -0.567448108307577
3543 -0.567608294670667
3544 -0.567768481016607
3545 -0.567928667345746
3546 -0.568088853658067
3547 -0.568249039953093
3548 -0.568409226232791
3549 -0.568569412495775
3550 -0.568729598740101
3551 -0.568889784970367
3552 -0.569049971184667
3553 -0.569210157380659
3554 -0.569370343561126
3555 -0.569530529723533
3556 -0.569690715870191
3557 -0.569850902000209
3558 -0.570011088113009
3559 -0.570171274210598
3560 -0.570331460290336
3561 -0.570491646355008
3562 -0.570651832400729
3563 -0.570812018430837
3564 -0.570972204444593
3565 -0.571132390441762
3566 -0.571292576422393
3567 -0.571452762385865
3568 -0.571612948333248
3569 -0.571773134264542
3570 -0.571933320176744
3571 -0.57209350607344
3572 -0.57225369195407
3573 -0.572413877818546
3574 -0.572574063664932
3575 -0.572734249495329
3576 -0.572894435308732
3577 -0.573054621106466
3578 -0.573214806885622
3579 -0.573374992650008
3580 -0.573535178396099
3581 -0.573695364125639
3582 -0.573855549839954
3583 -0.574015735535653
3584 -0.574175921215715
3585 -0.574336106878514
3586 -0.574496292525831
3587 -0.574656478154698
3588 -0.574816663768292
3589 -0.574976849364265
3590 -0.57513703494337
3591 -0.575297220506209
3592 -0.575457406052288
3593 -0.575617591580963
3594 -0.575777777093103
3595 -0.57593796258835
3596 -0.576098148068182
3597 -0.576258333529024
3598 -0.576418518974788
3599 -0.576578704403919
3600 -0.576738889814973
3601 -0.576899075209464
3602 -0.577059260587327
3603 -0.577219445948682
3604 -0.577379631292331
3605 -0.577539816619957
3606 -0.577700001930694
3607 -0.577860187224988
3608 -0.578020372501321
3609 -0.578180557761123
3610 -0.578340743004733
3611 -0.578500928231794
3612 -0.578661113440945
3613 -0.578821298633024
3614 -0.578981483809714
3615 -0.579141668967477
3616 -0.57930185411061
3617 -0.579462039235427
3618 -0.579622224343514
3619 -0.579782409434649
3620 -0.579942594509804
3621 -0.580102779567597
3622 -0.580262964607566
3623 -0.580423149631252
3624 -0.580583334637982
3625 -0.580743519628475
3626 -0.580903704600325
3627 -0.581063889556921
3628 -0.581224074496501
3629 -0.581384259418736
3630 -0.581544444324122
3631 -0.581704629211889
3632 -0.581864814083593
3633 -0.582024998937842
3634 -0.582185183775162
3635 -0.582345368596175
3636 -0.582505553399572
3637 -0.582665738186037
3638 -0.582825922955453
3639 -0.582986107707812
3640 -0.58314629244423
3641 -0.583306477161788
3642 -0.583466661864226
3643 -0.583626846548104
3644 -0.583787031216428
3645 -0.583947215866407
3646 -0.584107400500026
3647 -0.584267585116583
3648 -0.584427769715774
3649 -0.584587954298197
3650 -0.584748138863845
3651 -0.58490832341296
3652 -0.585068507943995
3653 -0.585228692457636
3654 -0.585388876956086
3655 -0.585549061436375
3656 -0.585709245899102
3657 -0.585869430344868
3658 -0.586029614773737
3659 -0.586189799185234
3660 -0.586349983580619
3661 -0.586510167958631
3662 -0.586670352318962
3663 -0.586830536662609
3664 -0.58699072098917
3665 -0.58715090529949
3666 -0.587311089590779
3667 -0.587471273864781
3668 -0.587631458123601
3669 -0.587791642364954
3670 -0.587951826588194
3671 -0.588112010795691
3672 -0.588272194984826
3673 -0.588432379156648
3674 -0.588592563311928
3675 -0.588752747450338
3676 -0.588912931571948
3677 -0.589073115676005
3678 -0.589233299761941
3679 -0.589393483831401
3680 -0.58955366788385
3681 -0.589713851919015
3682 -0.589874035936828
3683 -0.590034219936898
3684 -0.590194403921629
3685 -0.59035458788803
3686 -0.590514771836831
3687 -0.590674955768358
3688 -0.59083513968338
3689 -0.590995323581708
3690 -0.591155507460856
3691 -0.591315691323586
3692 -0.591475875170716
3693 -0.591636058998191
3694 -0.591796242810396
3695 -0.591956426604306
3696 -0.59211661038166
3697 -0.592276794140895
3698 -0.592436977883208
3699 -0.59259716160855
3700 -0.592757345316073
3701 -0.592917529007142
3702 -0.593077712680549
3703 -0.593237896335766
3704 -0.593398079974776
3705 -0.593558263596696
3706 -0.59371844720031
3707 -0.59387863078723
3708 -0.594038814357525
3709 -0.594198997908774
3710 -0.594359181445095
3711 -0.594519364962644
3712 -0.594679548462702
3713 -0.594839731946064
3714 -0.594999915411559
3715 -0.595160098859081
3716 -0.595320282289973
3717 -0.595480465704986
3718 -0.595640649099924
3719 -0.59580083248003
3720 -0.595961015841865
3721 -0.596121199186707
3722 -0.596281382512904
3723 -0.596441565822633
3724 -0.596601749114694
3725 -0.59676193238973
3726 -0.596922115646472
3727 -0.597082298886969
3728 -0.597242482108987
3729 -0.597402665315304
3730 -0.597562848502832
3731 -0.597723031673507
3732 -0.597883214825409
3733 -0.59804339796172
3734 -0.598203581078859
3735 -0.59836376418087
3736 -0.598523947263314
3737 -0.598684130329258
3738 -0.598844313378134
3739 -0.599004496409134
3740 -0.599164679422329
3741 -0.599324862418659
3742 -0.599485045397551
3743 -0.599645228359329
3744 -0.59980541130203
3745 -0.599965594229026
3746 -0.600125777137797
3747 -0.600285960028422
3748 -0.600446142903382
3749 -0.60060632575874
3750 -0.600766508597796
3751 -0.600926691419312
3752 -0.601086874223037
3753 -0.60124705700962
3754 -0.601407239778353
3755 -0.601567422529464
3756 -0.60172760526392
3757 -0.60188778797943
3758 -0.602047970678463
3759 -0.602208153359537
3760 -0.602368336023572
3761 -0.602528518670181
3762 -0.602688701298275
3763 -0.602848883908876
3764 -0.603009066501917
3765 -0.603169249078208
3766 -0.603329431636483
3767 -0.603489614177069
3768 -0.603649796700316
3769 -0.603809979206518
3770 -0.603970161694045
3771 -0.60413034416501
3772 -0.604290526617294
3773 -0.604450709052333
3774 -0.604610891470813
3775 -0.60477107386992
3776 -0.604931256252984
3777 -0.605091438617711
3778 -0.605251620965172
3779 -0.605411803294466
3780 -0.605571985606602
3781 -0.60573216790071
3782 -0.605892350176742
3783 -0.606052532436465
3784 -0.606212714677564
3785 -0.606372896901715
3786 -0.606533079107354
3787 -0.606693261295839
3788 -0.606853443466082
3789 -0.607013625619881
3790 -0.607173807753978
3791 -0.607333989872553
3792 -0.607494171971351
3793 -0.607654354055039
3794 -0.607814536119426
3795 -0.607974718166021
3796 -0.60813490019542
3797 -0.608295082206998
3798 -0.608455264200576
3799 -0.6086154461757
3800 -0.608775628135411
3801 -0.608935810075117
3802 -0.609095991997932
3803 -0.609256173904175
3804 -0.609416355791248
3805 -0.609576537660148
3806 -0.609736719512641
3807 -0.609896901346843
3808 -0.610057083162126
3809 -0.610217264961708
3810 -0.610377446743292
3811 -0.610537628505048
3812 -0.61069781025111
3813 -0.610857991978461
3814 -0.611018173687834
3815 -0.611178355379715
3816 -0.61133853705371
3817 -0.611498718710814
3818 -0.611658900348567
3819 -0.611819081969332
3820 -0.611979263572204
3821 -0.612139445158063
3822 -0.612299626724654
3823 -0.612459808274383
3824 -0.612619989806068
3825 -0.612780171319071
3826 -0.612940352814857
3827 -0.613100534294114
3828 -0.613260715753839
3829 -0.613420897195389
3830 -0.613581078620023
3831 -0.613741260026794
3832 -0.613901441416292
3833 -0.614061622786867
3834 -0.614221804138928
3835 -0.614381985475108
3836 -0.614542166792196
3837 -0.614702348091579
3838 -0.614862529372942
3839 -0.615022710635783
3840 -0.615182891882261
3841 -0.61534307310957
3842 -0.615503254319563
3843 -0.615663435511071
3844 -0.61582361668506
3845 -0.615983797841934
3846 -0.616143978979026
3847 -0.616304160099871
3848 -0.616464341202249
3849 -0.616624522286763
3850 -0.61678470335237
3851 -0.616944884400615
3852 -0.617105065431277
3853 -0.617265246444179
3854 -0.617425427437964
3855 -0.617585608414701
3856 -0.61774578937234
3857 -0.617905970313332
3858 -0.618066151236
3859 -0.61822633214053
3860 -0.618386513027286
3861 -0.61854669389514
3862 -0.618706874745486
3863 -0.61886705557857
3864 -0.619027236393299
3865 -0.619187417189788
3866 -0.619347597968076
3867 -0.619507778728534
3868 -0.61966795946977
3869 -0.619828140195195
3870 -0.619988320901785
3871 -0.620148501590252
3872 -0.620308682260073
3873 -0.620468862912739
3874 -0.620629043545557
3875 -0.620789224162518
3876 -0.620949404759867
3877 -0.621109585340041
3878 -0.621269765902414
3879 -0.621429946445318
3880 -0.621590126970693
3881 -0.621750307478227
3882 -0.621910487967982
3883 -0.622070668439212
3884 -0.622230848891669
3885 -0.622391029327406
3886 -0.622551209743617
3887 -0.622711390143313
3888 -0.622871570523333
3889 -0.623031750885949
3890 -0.623191931230178
3891 -0.623352111556602
3892 -0.623512291864758
3893 -0.623672472154652
3894 -0.623832652426277
3895 -0.623992832679825
3896 -0.624153012914752
3897 -0.624313193132902
3898 -0.624473373332132
3899 -0.624633553512379
3900 -0.624793733676275
3901 -0.624953913820357
3902 -0.625114093946385
3903 -0.625274274055915
3904 -0.625434454144947
3905 -0.62559463421628
3906 -0.62575481427038
3907 -0.625914994306304
3908 -0.626075174323617
3909 -0.626235354322951
3910 -0.626395534303233
3911 -0.626555714264525
3912 -0.626715894208548
3913 -0.626876074135241
3914 -0.627036254043401
3915 -0.627196433932285
3916 -0.627356613803691
3917 -0.627516793657062
3918 -0.627676973491752
3919 -0.627837153308211
3920 -0.627997333106395
3921 -0.628157512885674
3922 -0.628317692647794
3923 -0.628477872391557
3924 -0.628638052115894
3925 -0.628798231822991
3926 -0.628958411510641
3927 -0.629118591181326
3928 -0.629278770832691
3929 -0.629438950467234
3930 -0.629599130081374
3931 -0.629759309678692
3932 -0.629919489256706
3933 -0.630079668817453
3934 -0.630239848358772
3935 -0.630400027882745
3936 -0.630560207387179
3937 -0.630720386874482
3938 -0.630880566343376
3939 -0.631040745792859
3940 -0.631200925225037
3941 -0.63136110463798
3942 -0.631521284032653
3943 -0.631681463409165
3944 -0.631841642767962
3945 -0.632001822108048
3946 -0.632162001428704
3947 -0.632322180732043
3948 -0.632482360015921
3949 -0.632642539282663
3950 -0.632802718529702
3951 -0.632962897760491
3952 -0.6331230769715
3953 -0.633283256163455
3954 -0.633443435337246
3955 -0.633603614492833
3956 -0.633763793630502
3957 -0.633923972748982
3958 -0.634084151848757
3959 -0.634244330930635
3960 -0.634404509994868
3961 -0.634564689039642
3962 -0.634724868066357
3963 -0.634885047074176
3964 -0.635045226063496
3965 -0.635205405033869
3966 -0.635365583986807
3967 -0.635525762921275
3968 -0.635685941836459
3969 -0.635846120733666
3970 -0.636006299611993
3971 -0.636166478472573
3972 -0.636326657313615
3973 -0.636486836136178
3974 -0.636647014940416
3975 -0.636807193726986
3976 -0.636967372494123
3977 -0.637127551243527
3978 -0.637287729973259
3979 -0.637447908686041
3980 -0.637608087378951
3981 -0.637768266053637
3982 -0.637928444709041
3983 -0.638088623346909
3984 -0.63824880196535
3985 -0.638408980565804
3986 -0.638569159148225
3987 -0.638729337710829
3988 -0.638889516255862
3989 -0.639049694782376
3990 -0.639209873289586
3991 -0.639370051777587
3992 -0.639530230248358
3993 -0.639690408700431
3994 -0.639850587133507
3995 -0.640010765547566
3996 -0.640170943943021
3997 -0.640331122320471
3998 -0.640491300678694
3999 -0.640651479019575
4000 -0.640811657340644
