0 8.53651206356212e-11
1 3.30532206020907e-05
2 1.43651066266026e-05
3 -0.000107821381281976
4 -0.000385295129734364
5 -0.000869892686370029
6 -0.00161351417988977
7 -0.00266813927315936
8 -0.00408584315064225
9 -0.00591881255368448
10 -0.00821936186393949
11 -0.0110399492514735
12 -0.0144331928871419
13 -0.0184518872308855
14 -0.0231490194055453
15 -0.028577785656849
16 -0.034791607916585
17 -0.0418441504696165
18 -0.0497893367357102
19 -0.0586813661757114
20 -0.0685747313264221
21 -0.079524234976318
22 -0.0915850074873261
23 -0.104812524273077
24 -0.119262623442746
25 -0.134991523615458
26 -0.15205584191942
27 -0.170512612180261
28 -0.190419303310369
29 -0.211833837906819
30 -0.234814611068865
31 -0.259420509442465
32 -0.28571093050357
33 -0.313745802089543
34 -0.343585602187198
35 -0.37529137898986
36 -0.408924771232773
37 -0.444548028818802
38 -0.482224033741919
39 -0.522016321324768
40 -0.563989101775359
41 -0.608207282082344
42 -0.654736488251417
43 -0.703643087903656
44 -0.754994213242306
45 -0.808857784403094
46 -0.865302533199075
47 -0.924398027278901
48 -0.986214694701103
49 -1.0508238489526
50 -1.11829771441135
51 -1.18870945227881
52 -1.26213318699052
53 -1.33864403312285
54 -1.41831812281132
55 -1.50123263369577
56 -1.58746581740991
57 -1.6770970286308
58 -1.77020675470835
59 -1.86687664588872
60 -1.96718954615396
61 -2.0712295246923
62 -2.17908190802541
63 -2.29083331280343
64 -2.40657167929583
65 -2.52638630559562
66 -2.65036788255732
67 -2.77860852949677
68 -2.91120183066613
69 -3.04824287253798
70 -3.18982828191418
71 -3.3360562648896
72 -3.48702664669464
73 -3.64284091244246
74 -3.80360224880799
75 -3.96941558666918
76 -4.1403876447352
77 -4.31662697419507
78 -4.49824400441544
79 -4.68535108971682
80 -4.87806255726818
81 -5.07649475612391
82 -5.28076610744369
83 -5.4909971559302
84 -5.70731062251896
85 -5.92983145836125
86 -6.15868690013625
87 -6.39400652673453
88 -6.63592231735405
89 -6.88456871105114
90 -7.14008266779196
91 -7.40260373104732
92 -7.67227409198153
93 -7.94923865528154
94 -8.23364510667844
95 -8.52564398220951
96 -8.82538873928241
97 -9.13303582958467
98 -9.4487447739095
99 -9.77267823894626
100 -10.1050021161022
101 -10.4458856024171
102 -10.7955012836361
103 -11.1540252195096
104 -11.5216370313858
105 -11.8985199921758
106 -12.2848611187577
107 -12.680851266901
108 -13.0866852287927
109 -13.5025618332439
110 -13.9286840486647
111 -14.3652590888955
112 -14.8124985219887
113 -15.2706183820285
114 -15.7398392840964
115 -16.2203865424762
116 -16.7124902922107
117 -17.2163856141112
118 -17.7323126633389
119 -18.2605168016751
120 -18.8012487335967
121 -19.3547646462869
122 -19.9213263537099
123 -20.5012014448839
124 -21.0946634364934
125 -21.7019919299856
126 -22.3234727733
127 -22.9593982273887
128 -23.6100671376883
129 -24.2757851107113
130 -24.9568646959305
131 -25.6536255731393
132 -26.3663947454712
133 -27.0955067382782
134 -27.8413038040636
135 -28.6041361336853
136 -29.3843620740433
137 -30.1823483524785
138 -30.9984703081162
139 -31.8331121304021
140 -32.6866671050781
141 -33.5595378678679
142 -34.4521366661382
143 -35.364885628828
144 -36.2982170449355
145 -37.2525736508715
146 -38.2284089270012
147 -39.2261874037014
148 -40.2463849772846
149 -41.2894892361459
150 -42.3559997975064
151 -43.4464286551457
152 -44.5613005385238
153 -45.701153283718
154 -46.8665382166119
155 -48.0580205487948
156 -49.2761797866443
157 -50.5216101540917
158 -51.7949210295865
159 -53.0967373977933
160 -54.4277003165871
161 -55.7884673999281
162 -57.1797133172291
163 -58.6021303098445
164 -60.0564287253461
165 -61.5433375702823
166 -63.0636050821257
167 -64.6179993211795
168 -66.2073087832129
169 -67.8323430336463
170 -69.4939333641488
171 -71.1929334725265
172 -72.930220166845
173 -74.7066940947493
174 -76.5232804990015
175 -78.3809300002961
176 -80.2806194084605
177 -82.2233525632008
178 -84.2101612056011
179 -86.2421058816446
180 -88.3202768790818
181 -90.4457951990196
182 -92.6198135636975
183 -94.8435174619433
184 -97.1181262339149
185 -99.4448941967696
186 -101.825111813006
187 -104.260106903293
188 -106.751245905693
189 -109.299935183272
190 -111.907622382169
191 -114.575797842344
192 -117.305996063272
193 -120.099797226986
194 -122.958828781007
195 -125.884767083788
196 -128.879339115438
197 -131.944324256646
198 -135.081556138841
199 -138.292924568797
200 -141.580377531026
201 -144.945923271501
202 -148.391632466392
203 -151.919640479714
204 -155.532149713962
205 -159.231432058019
206 -163.019831436852
207 -166.899766467715
208 -170.873733227859
209 -174.944308138958
210 -179.114150973777
211 -183.386007990848
212 -187.762715203271
213 -192.247201788017
214 -196.842493642504
215 -201.551717095527
216 -206.378102780022
217 -211.324989675532
218 -216.395829328673
219 -221.594190260309
220 -226.923762568665
221 -232.388362738058
222 -237.991938663454
223 -243.738574901658
224 -249.632498160459
225 -255.678083037739
226 -261.879858023164
227 -268.242511775801
228 -274.770899691718
229 -281.470050776422
230 -288.345174837793
231 -295.401670016061
232 -302.645130668301
233 -310.081355625863
234 -317.716356844252
235 -325.556368465996
236 -333.607856318272
237 -341.877527868233
238 -350.372342660314
239 -359.099523261175
240 -368.066566739358
241 -377.281256708356
242 -386.751675963336
243 -396.486219743578
244 -406.493609654457
245 -416.782908284775
246 -427.363534557288
247 -438.245279852436
248 -449.438324947599
249 -460.9532578166
250 -472.801092336756
251 -484.99328795349
252 -497.541770355336
253 -510.45895321524
254 -523.757761057167
255 -537.451653310431
256 -551.554649617634
257 -566.081356465858
258 -581.046995214576
259 -596.467431597882
260 -612.359206782903
261 -628.739570070702
262 -645.626513330689
263 -663.038807264404
264 -680.996039599604
265 -699.518655320853
266 -718.627999048217
267 -738.346359681321
268 -758.69701743171
269 -779.704293372425
270 -801.39360163959
271 -823.791504426921
272 -846.925769920105
273 -870.825433323973
274 -895.520861141356
275 -921.043818868155
276 -947.427542274582
277 -974.706812447493
278 -1002.91803477311
279 -1032.09932204312
280 -1062.29058186969
281 -1093.53360859662
282 -1125.87217989348
283 -1159.35215821806
284 -1194.02159732791
285 -1229.93085401518
286 -1267.13270522854
287 -1305.68247073187
288 -1345.63814143071
289 -1387.06051347262
290 -1430.01332819709
291 -1474.5634179712
292 -1520.78085789959
293 -1568.73912333814
294 -1618.51525306963
295 -1670.19001791303
296 -1723.84809443516
297 -1779.5782433098
298 -1837.473491723
299 -1897.63131905034
300 -1960.15384482726
301 -2025.14801779441
302 -2092.72580451908
303 -2163.00437576614
304 -2236.10628841132
305 -2312.15966024722
306 -2391.29833452142
307 -2473.66203045635
308 -2559.39647532293
309 -2648.65351286295
310 -2741.59118196869
311 -2838.37375851852
312 -2939.17175212404
313 -3044.16184825377
314 -3153.52678474989
315 -3267.45515013696
316 -3386.14108932703
317 -3509.78390034847
318 -3638.5875035665
319 -3772.75976252797
320 -3912.51163306756
321 -4058.05611468544
322 -4209.60697549159
323 -4367.37721927481
324 -4531.5772605848
325 -4702.41277123683
326 -4880.08215952067
327 -5064.77364182558
328 -5256.66186564168
329 -5455.90404328562
330 -5662.63555761171
331 -5876.96500486959
332 -6098.96864628206
333 -6328.6842494416
334 -6566.10431390604
335 -6811.1686930909
336 -7063.75664737228
337 -7323.67839182566
338 -7590.66623668441
339 -7864.3654596072
340 -8144.32509602839
341 -8429.98888653636
342 -8720.6866770186
343 -9015.62662601897
344 -9313.88863119639
345 -9614.41943870687
346 -9916.02994044684
347 -10217.3951881517
348 -10517.0576534545
349 -10813.4342321631
350 -11104.8274227789
351 -11389.4409987264
352 -11665.4003385398
353 -11930.7773796407
354 -12183.6199252088
355 -12421.9847710494
356 -12643.9738465299
357 -12847.7723013441
358 -13031.6872417464
359 -13194.1856502859
360 -13333.9299339926
361 -13449.8095540634
362 -13540.967303828
363 -13606.8190194478
364 -13647.0658168548
365 -13661.6983262719
366 -13650.9928119539
367 -13615.4994850367
368 -13556.0237070118
369 -13473.6011098713
370 -13369.4679033656
371 -13245.0277867289
372 -13101.8169286684
373 -12941.4684320739
374 -12765.6775732143
375 -12576.1689187693
376 -12374.6661997941
377 -12162.8655812324
378 -11942.4127280132
379 -11714.883849431
380 -11481.7707132251
381 -11244.4694658819
382 -11004.2729784363
383 -10762.3663564639
384 -10519.8252056376
385 -10277.6162253345
386 -10036.5997067373
387 -9797.53353306115
388 -9561.0783126756
389 -9327.80331638464
390 -9098.19293416132
391 -8872.65341123138
392 -8651.51966637357
393 -8435.06203515447
394 -8223.49281663608
395 -8016.97253343122
396 -7815.61584173996
397 -7619.49705032523
398 -7428.65522559401
399 -7243.09887445029
400 -7062.81020783436
401 -6887.748996325
402 -6717.85603530188
403 -6553.05624136131
404 -6393.26140431763
405 -6238.37262053217
406 -6088.28243376741
407 -5942.87670950206
408 -5802.03626785364
409 -5665.63829909758
410 -5533.55758437054
411 -5405.6675425983
412 -5281.84112307235
413 -5161.95156147017
414 -5045.87301551527
415 -4933.48109493293
416 -4824.65329889795
417 -4719.26937280254
418 -4617.21159490422
419 -4518.36500224691
420 -4422.6175641823
421 -4329.8603108517
422 -4239.98742311428
423 -4152.89628962232
424 -4068.4875360404
425 -3986.66503077797
426 -3907.33587104598
427 -3830.41035255352
428 -3755.80192572184
429 -3683.42714090684
430 -3613.20558478062
431 -3545.05980972334
432 -3478.91525781474
433 -3414.70018078444
434 -3352.34555708031
435 -3291.78500703838
436 -3232.95470698618
437 -3175.79330297858
438 -3120.24182475064
439 -3066.2436003724
440 -3013.7441720048
441 -2962.69121308194
442 -2913.03444718091
443 -2864.72556878613
444 -2817.71816610814
445 -2771.96764607683
446 -2727.43116159545
447 -2684.06754111266
448 -2641.83722054575
449 -2600.70217756796
450 -2560.62586825556
451 -2521.57316607647
452 -2483.51030319066
453 -2446.40481402289
454 -2410.2254810612
455 -2374.94228282822
456 -2340.52634396803
457 -2306.94988738751
458 -2274.18618838916
459 -2242.20953073015
460 -2210.99516454175
461 -2180.5192660429
462 -2150.75889898172
463 -2121.69197773923
464 -2093.29723203065
465 -2065.55417314049
466 -2038.44306162921
467 -2011.94487645056
468 -1986.04128542059
469 -1960.71461698069
470 -1935.94783319936
471 -1911.72450395866
472 -1888.02878227377
473 -1864.84538069542
474 -1842.1595487474
475 -1819.95705135268
476 -1798.22414820399
477 -1776.94757403622
478 -1756.11451975983
479 -1735.71261441632
480 -1715.72990791841
481 -1696.15485453902
482 -1676.97629711518
483 -1658.18345193391
484 -1639.76589426923
485 -1621.71354454028
486 -1604.01665506237
487 -1586.66579736368
488 -1569.65185004193
489 -1552.96598713633
490 -1536.59966699129
491 -1520.54462158953
492 -1504.79284633322
493 -1489.33659025291
494 -1474.16834662471
495 -1459.28084397738
496 -1444.6670374717
497 -1430.3201006353
498 -1416.23341743713
499 -1402.40057468614
500 -1388.81535473984
501 -1375.47172850889
502 -1362.36384874452
503 -1349.48604359626
504 -1336.83281042805
505 -1324.39880988138
506 -1312.17886017447
507 -1300.16793162731
508 -1288.36114140267
509 -1276.75374845358
510 -1265.34114866847
511 -1254.11887020532
512 -1243.08256900677
513 -1232.22802448831
514 -1221.55113539234
515 -1211.0479158008
516 -1200.71449129979
517 -1190.54709528977
518 -1180.54206543508
519 -1170.69584024704
520 -1161.00495579503
521 -1151.46604254012
522 -1142.07582228635
523 -1132.83110524458
524 -1123.72878720444
525 -1114.76584680987
526 -1105.93934293404
527 -1097.24641214956
528 -1088.68426629019
529 -1080.25019010031
530 -1071.94153896858
531 -1063.75573674254
532 -1055.69027362076
533 -1047.74270411958
534 -1039.91064511146
535 -1032.19177393203
536 -1024.58382655329
537 -1017.08459582025
538 -1009.69192974859
539 -1002.40372988095
540 -995.217949699615
541 -988.1325930934
542 -981.145712876647
543 -974.255409358373
544 -967.459828959647
545 -960.757162877351
546 -954.145645792613
547 -947.623554622199
548 -941.189207311267
549 -934.840961665962
550 -928.577214224325
551 -922.396399164153
552 -916.29698724641
553 -910.277484792904
554 -904.336432696968
555 -898.472405465955
556 -892.684010294382
557 -886.969886166622
558 -881.328702988086
559 -875.759160743863
560 -870.25998868385
561 -864.829944533424
562 -859.46781372876
563 -854.172408675905
564 -848.94256803281
565 -843.77715601348
566 -838.675061713494
567 -833.635198456152
568 -828.656503158514
569 -823.737935716693
570 -818.878478409681
571 -814.077135321131
572 -809.332931778439
573 -804.644913808578
574 -800.01214761009
575 -795.433719040705
576 -790.908733120061
577 -786.436313547026
578 -782.015602231125
579 -777.645758837616
580 -773.325960345767
581 -769.05540061988
582 -764.833289992671
583 -760.658854860583
584 -756.531337290662
585 -752.449994638596
586 -748.414099177592
587 -744.422937737708
588 -740.475811355329
589 -736.572034932456
590 -732.710936905491
591 -728.891858923231
592 -725.114155533765
593 -721.377193880004
594 -717.680353403577
595 -714.023025556814
596 -710.404613522597
597 -706.824531941796
598 -703.282206648089
599 -699.777074409925
600 -696.30858267941
601 -692.876189347908
602 -689.479362508157
603 -686.117580222692
604 -682.790330298396
605 -679.497110066993
606 -676.237426171293
607 -673.010794357035
608 -669.816739270147
609 -666.654794259278
610 -663.524501183424
611 -660.425410224523
612 -657.357079704852
613 -654.319075909105
614 -651.310972910995
615 -648.332352404273
616 -645.382803538009
617 -642.461922756036
618 -639.569313640427
619 -636.704586758887
620 -633.867359515951
621 -631.05725600789
622 -628.2739068812
623 -625.516949194593
624 -622.786026284371
625 -620.080787633113
626 -617.400888741564
627 -614.745991003633
628 -612.115761584441
629 -609.509873301299
630 -606.928004507566
631 -604.369838979286
632 -601.835065804539
633 -599.323379275438
634 -596.834478782678
635 -594.368068712592
636 -591.923858346632
637 -589.501561763215
638 -587.100897741874
639 -584.721589669635
640 -582.363365449588
641 -580.025957411575
642 -577.709102224934
643 -575.41254081327
644 -573.136018271171
645 -570.879283782836
646 -568.64209054256
647 -566.42419567703
648 -564.225360169371
649 -562.045348784925
650 -559.88392999869
651 -557.740875924392
652 -555.61596224514
653 -553.508968145635
654 -551.419676245882
655 -549.347872536365
656 -547.293346314667
657 -545.255890123474
658 -543.235299689946
659 -541.231373866409
660 -539.243914572347
661 -537.27272673765
662 -535.317618247096
663 -533.378399886026
664 -531.454885287192
665 -529.546890878754
666 -527.654235833374
667 -525.776742018411
668 -523.91423394716
669 -522.066538731146
670 -520.233486033402
671 -518.414908022748
672 -516.610639329026
673 -514.820516999273
674 -513.044380454801
675 -511.282071449186
676 -509.533434027112
677 -507.798314484082
678 -506.076561326945
679 -504.368025235243
680 -502.672559023355
681 -500.990017603401
682 -499.320257948916
683 -497.663139059248
684 -496.018521924696
685 -494.386269492331
686 -492.766246632516
687 -491.158320106106
688 -489.562358532286
689 -487.978232357065
690 -486.405813822391
691 -484.844976935885
692 -483.295597441161
693 -481.757552788747
694 -480.230722107567
695 -478.714986176989
696 -477.21022739941
697 -475.716329773389
698 -474.233178867291
699 -472.760661793449
700 -471.298667182821
701 -469.847085160136
702 -468.405807319525
703 -466.974726700606
704 -465.553737765035
705 -464.142736373505
706 -462.741619763178
707 -461.350286525541
708 -459.968636584695
709 -458.596571176034
710 -457.233992825338
711 -455.880805328257
712 -454.53691373017
713 -453.202224306428
714 -451.876644542959
715 -450.560083117237
716 -449.252449879597
717 -447.9536558349
718 -446.663613124533
719 -445.382235008735
720 -444.109435849252
721 -442.845131092307
722 -441.589237251878
723 -440.341671893276
724 -439.102353617028
725 -437.871202043049
726 -436.648137795087
727 -435.433082485465
728 -434.225958700082
729 -433.026689983689
730 -431.835200825426
731 -430.651416644611
732 -429.475263776788
733 -428.306669460013
734 -427.145561821391
735 -425.99186986384
736 -424.845523453097
737 -423.706453304936
738 -422.574590972629
739 -421.449868834602
740 -420.332220082331
741 -419.221578708418
742 -418.117879494901
743 -417.021058001743
744 -415.931050555531
745 -414.847794238365
746 -413.771226876935
747 -412.701287031787
748 -411.637913986769
749 -410.581047738654
750 -409.530628986943
751 -408.486599123842
752 -407.448900224392
753 -406.417475036787
754 -405.392266972835
755 -404.373220098588
756 -403.360279125128
757 -402.353389399501
758 -401.3524968958
759 -400.357548206407
760 -399.368490533367
761 -398.385271679905
762 -397.40784004209
763 -396.43614460063
764 -395.470134912796
765 -394.509761104489
766 -393.554973862426
767 -392.605724426458
768 -391.661964582008
769 -390.723646652633
770 -389.790723492708
771 -388.863148480223
772 -387.940875509697
773 -387.023858985206
774 -386.112053813521
775 -385.205415397354
776 -384.303899628715
777 -383.407462882368
778 -382.516062009395
779 -381.62965433086
780 -380.748197631573
781 -379.871650153945
782 -378.999970591954
783 -378.133118085189
784 -377.271052212994
785 -376.413732988703
786 -375.561120853965
787 -374.713176673155
788 -373.869861727867
789 -373.031137711499
790 -372.196966723917
791 -371.367311266203
792 -370.542134235475
793 -369.721398919802
794 -368.905068993178
795 -368.093108510584
796 -367.285481903124
797 -366.482153973225
798 -365.683089889922
799 -364.888255184205
800 -364.097615744437
801 -363.311137811845
802 -362.528787976073
803 -361.750533170803
804 -360.976340669444
805 -360.206178080877
806 -359.440013345272
807 -358.677814729961
808 -357.919550825375
809 -357.165190541037
810 -356.414703101614
811 -355.668058043034
812 -354.925225208647
813 -354.186174745453
814 -353.450877100382
815 -352.71930301662
816 -351.991423530001
817 -351.26720996544
818 -350.546633933425
819 -349.829667326551
820 -349.116282316118
821 -348.406451348758
822 -347.700147143127
823 -346.997342686635
824 -346.298011232226
825 -345.6021262952
826 -344.909661650089
827 -344.220591327561
828 -343.534889611386
829 -342.85253103543
830 -342.173490380699
831 -341.497742672422
832 -340.825263177177
833 -340.156027400047
834 -339.490011081836
835 -338.827190196299
836 -338.167540947431
837 -337.511039766777
838 -336.857663310794
839 -336.207388458238
840 -335.560192307593
841 -334.916052174531
842 -334.274945589408
843 -333.636850294799
844 -333.00174424306
845 -332.369605593924
846 -331.740412712133
847 -331.1141441651
848 -330.490778720603
849 -329.870295344508
850 -329.252673198524
851 -328.637891637992
852 -328.025930209695
853 -327.416768649707
854 -326.810386881261
855 -326.206765012652
856 -325.605883335167
857 -325.007722321043
858 -324.412262621444
859 -323.819485064476
860 -323.229370653222
861 -322.641900563807
862 -322.057056143475
863 -321.474818908715
864 -320.895170543388
865 -320.318092896891
866 -319.743567982344
867 -319.171577974796
868 -318.60210520946
869 -318.035132179961
870 -317.470641536623
871 -316.908616084759
872 -316.349038782998
873 -315.791892741625
874 -315.237161220945
875 -314.68482762967
876 -314.134875523322
877 -313.587288602658
878 -313.042050712117
879 -312.499145838286
880 -311.958558108383
881 -311.420271788761
882 -310.884271283431
883 -310.350541132603
884 -309.819066011246
885 -309.289830727662
886 -308.762820222086
887 -308.238019565299
888 -307.715413957252
889 -307.194988725717
890 -306.676729324951
891 -306.160621334378
892 -305.646650457278
893 -305.134802519509
894 -304.625063468228
895 -304.117419370641
896 -303.611856412757
897 -303.108360898167
898 -302.606919246831
899 -302.107517993882
900 -301.610143788445
901 -301.114783392475
902 -300.621423679594
903 -300.130051633964
904 -299.64065434915
905 -299.15321902702
906 -298.667732976636
907 -298.18418361318
908 -297.702558456872
909 -297.222845131916
910 -296.745031365451
911 -296.269104986522
912 -295.79505392505
913 -295.322866210829
914 -294.852529972524
915 -294.384033436687
916 -293.917364926784
917 -293.452512862226
918 -292.989465757428
919 -292.528212220855
920 -292.068740954105
921 -291.611040750982
922 -291.155100496593
923 -290.700909166448
924 -290.248455825572
925 -289.797729627633
926 -289.348719814071
927 -288.901415713243
928 -288.455806739578
929 -288.011882392738
930 -287.569632256789
931 -287.129045999388
932 -286.690113370974
933 -286.252824203962
934 -285.817168411961
935 -285.38313598899
936 -284.950717008704
937 -284.519901623634
938 -284.090680064427
939 -283.663042639107
940 -283.236979732331
941 -282.812481804663
942 -282.389539391847
943 -281.968143104103
944 -281.548283625413
945 -281.129951712831
946 -280.713138195786
947 -280.297833975406
948 -279.884030023839
949 -279.47171738359
950 -279.060887166861
951 -278.651530554895
952 -278.243638797335
953 -277.837203211586
954 -277.432215182182
955 -277.028666160161
956 -276.626547662455
957 -276.22585127127
958 -275.826568633488
959 -275.428691460069
960 -275.032211525461
961 -274.637120667013
962 -274.243410784401
963 -273.851073839054
964 -273.460101853588
965 -273.07048691125
966 -272.68222115536
967 -272.295296788766
968 -271.909706073305
969 -271.525441329264
970 -271.14249493485
971 -270.760859325667
972 -270.380526994198
973 -270.00149048929
974 -269.623742415646
975 -269.247275433326
976 -268.872082257247
977 -268.498155656691
978 -268.125488454821
979 -267.754073528196
980 -267.383903806297
981 -267.014972271056
982 -266.647271956387
983 -266.280795947729
984 -265.915537381582
985 -265.551489445064
986 -265.188645375455
987 -264.82699845976
988 -264.466542034271
989 -264.107269484127
990 -263.749174242895
991 -263.392249792137
992 -263.036489660992
993 -262.681887425765
994 -262.328436709508
995 -261.976131181616
996 -261.624964557425
997 -261.274930597809
998 -260.926023108792
999 -260.578235941147
1000 -260.231562990018
1001 -259.885998194532
1002 -259.54153553742
1003 -259.198169044644
1004 -258.855892785023
1005 -258.514700869867
1006 -258.174587452609
1007 -257.835546728452
1008 -257.497572934003
1009 -257.160660346926
1010 -256.824803285591
1011 -256.489996108724
1012 -256.156233215072
1013 -255.823509043054
1014 -255.491818070431
1015 -255.161154813975
1016 -254.831513829133
1017 -254.502889709705
1018 -254.175277087521
1019 -253.848670632121
1020 -253.523065050437
1021 -253.198455086482
1022 -252.874835521037
1023 -252.552201171342
1024 -252.230546890801
1025 -251.909867568668
1026 -251.590158129757
1027 -251.271413534142
1028 -250.95362877687
1029 -250.636798887662
1030 -250.320918930637
1031 -250.005984004017
1032 -249.691989239853
1033 -249.378929803742
1034 -249.066800894556
1035 -248.755597744161
1036 -248.445315617152
1037 -248.135949810584
1038 -247.827495653703
1039 -247.519948507686
1040 -247.213303765381
1041 -246.907556851046
1042 -246.602703220093
1043 -246.29873835884
1044 -245.995657784253
1045 -245.693457043703
1046 -245.392131714717
1047 -245.091677404736
1048 -244.792089750871
1049 -244.493364419667
1050 -244.195497106862
1051 -243.898483537156
1052 -243.602319463978
1053 -243.307000669249
1054 -243.012522963167
1055 -242.718882183968
1056 -242.426074197706
1057 -242.134094898036
1058 -241.842940205988
1059 -241.552606069751
1060 -241.263088464458
1061 -240.974383391972
1062 -240.686486880674
1063 -240.399394985252
1064 -240.113103786493
1065 -239.827609391081
1066 -239.542907931387
1067 -239.258995565269
1068 -238.975868475873
1069 -238.693522871435
1070 -238.411954985078
1071 -238.131161074627
1072 -237.851137422404
1073 -237.571880335046
1074 -237.293386143313
1075 -237.015651201898
1076 -236.738671889239
1077 -236.462444607339
1078 -236.186965781581
1079 -235.912231860546
1080 -235.638239315834
1081 -235.364984641885
1082 -235.092464355804
1083 -234.820674997183
1084 -234.549613127934
1085 -234.27927533211
1086 -234.009658215737
1087 -233.740758406649
1088 -233.472572554314
1089 -233.205097329676
1090 -232.938329424983
1091 -232.67226555363
1092 -232.406902449994
1093 -232.142236869276
1094 -231.87826558734
1095 -231.614985400561
1096 -231.352393125662
1097 -231.090485599566
1098 -230.829259679238
1099 -230.568712241537
1100 -230.308840183062
1101 -230.049640420007
1102 -229.791109888011
1103 -229.53324554201
1104 -229.276044356093
1105 -229.019503323361
1106 -228.763619455778
1107 -228.508389784036
1108 -228.25381135741
1109 -227.99988124362
1110 -227.746596528697
1111 -227.493954316841
1112 -227.241951730285
1113 -226.990585909169
1114 -226.739854011395
1115 -226.489753212507
1116 -226.240280705549
1117 -225.991433700943
1118 -225.743209426356
1119 -225.495605126576
1120 -225.248618063382
1121 -225.00224551542
1122 -224.756484778078
1123 -224.511333163368
1124 -224.266787999791
1125 -224.022846632231
1126 -223.779506421824
1127 -223.536764745843
1128 -223.29461899758
1129 -223.053066586227
1130 -222.812104936763
1131 -222.571731489832
1132 -222.331943701637
1133 -222.092739043823
1134 -221.854115003363
1135 -221.616069082447
1136 -221.378598798378
1137 -221.14170168345
1138 -220.90537528485
1139 -220.669617164548
1140 -220.434424899186
1141 -220.199796079976
1142 -219.965728312593
1143 -219.732219217071
1144 -219.499266427701
1145 -219.266867592928
1146 -219.035020375246
1147 -218.803722451103
1148 -218.572971510797
1149 -218.342765258376
1150 -218.113101411542
1151 -217.883977701555
1152 -217.655391873131
1153 -217.427341684349
1154 -217.199824906559
1155 -216.972839324279
1156 -216.746382735113
1157 -216.520452949645
1158 -216.295047791358
1159 -216.070165096538
1160 -215.845802714181
1161 -215.621958505906
1162 -215.398630345868
1163 -215.175816120664
1164 -214.953513729249
1165 -214.731721082849
1166 -214.510436104871
1167 -214.289656730824
1168 -214.069380908224
1169 -213.849606596523
1170 -213.630331767013
1171 -213.411554402749
1172 -213.193272498466
1173 -212.975484060498
1174 -212.758187106696
1175 -212.541379666345
1176 -212.325059780092
1177 -212.109225499858
1178 -211.893874888766
1179 -211.679006021059
1180 -211.464616982026
1181 -211.250705867924
1182 -211.037270785899
1183 -210.824309853917
1184 -210.611821200686
1185 -210.399802965579
1186 -210.188253298564
1187 -209.97717036013
1188 -209.766552321215
1189 -209.556397363133
1190 -209.346703677503
1191 -209.137469466178
1192 -208.928692941176
1193 -208.72037232461
1194 -208.512505848617
1195 -208.30509175529
1196 -208.098128296612
1197 -207.891613734389
1198 -207.685546340177
1199 -207.479924395223
1200 -207.274746190393
1201 -207.070010026111
1202 -206.865714212291
1203 -206.661857068275
1204 -206.458436922767
1205 -206.25545211377
1206 -206.052900988524
1207 -205.850781903441
1208 -205.649093224048
1209 -205.447833324919
1210 -205.24700058962
1211 -205.046593410643
1212 -204.84661018935
1213 -204.647049335911
1214 -204.447909269245
1215 -204.249188416964
1216 -204.050885215311
1217 -203.852998109102
1218 -203.655525551672
1219 -203.458466004816
1220 -203.261817938733
1221 -203.065579831966
1222 -202.869750171355
1223 -202.674327451972
1224 -202.479310177072
1225 -202.284696858037
1226 -202.090486014323
1227 -201.896676173402
1228 -201.703265870717
1229 -201.51025364962
1230 -201.317638061326
1231 -201.125417664858
1232 -200.933591026996
1233 -200.742156722226
1234 -200.551113332689
1235 -200.36045944813
1236 -200.17019366585
1237 -199.980314590652
1238 -199.790820834796
1239 -199.601711017947
1240 -199.412983767127
1241 -199.22463771667
1242 -199.036671508168
1243 -198.849083790429
1244 -198.661873219425
1245 -198.475038458251
1246 -198.288578177073
1247 -198.102491053083
1248 -197.916775770455
1249 -197.731431020299
1250 -197.546455500616
1251 -197.361847916252
1252 -197.177606978851
1253 -196.993731406818
1254 -196.810219925271
1255 -196.627071265993
1256 -196.444284167399
1257 -196.261857374484
1258 -196.079789638784
1259 -195.898079718335
1260 -195.716726377628
1261 -195.53572838757
1262 -195.35508452544
1263 -195.174793574854
1264 -194.994854325714
1265 -194.815265574176
1266 -194.636026122609
1267 -194.45713477955
1268 -194.27859035967
1269 -194.100391683732
1270 -193.922537578552
1271 -193.745026876962
1272 -193.567858417768
1273 -193.391031045716
1274 -193.214543611454
1275 -193.038394971488
1276 -192.862583988154
1277 -192.687109529573
1278 -192.511970469618
1279 -192.337165687881
1280 -192.162694069625
1281 -191.988554505763
1282 -191.814745892812
1283 -191.641267132857
1284 -191.468117133526
1285 -191.295294807942
1286 -191.122799074699
1287 -190.950628857819
1288 -190.778783086725
1289 -190.607260696201
1290 -190.436060626362
1291 -190.265181822621
1292 -190.094623235651
1293 -189.924383821356
1294 -189.754462540841
1295 -189.584858360369
1296 -189.41557025134
1297 -189.246597190254
1298 -189.077938158676
1299 -188.909592143212
1300 -188.741558135471
1301 -188.573835132035
1302 -188.406422134432
1303 -188.239318149098
1304 -188.072522187355
1305 -187.906033265372
1306 -187.739850404145
1307 -187.573972629455
1308 -187.408398971848
1309 -187.243128466602
1310 -187.078160153697
1311 -186.913493077786
1312 -186.749126288169
1313 -186.58505883876
1314 -186.421289788061
1315 -186.257818199134
1316 -186.094643139573
1317 -185.931763681474
1318 -185.769178901407
1319 -185.606887880396
1320 -185.444889703879
1321 -185.283183461693
1322 -185.121768248038
1323 -184.960643161458
1324 -184.799807304807
1325 -184.639259785228
1326 -184.478999714124
1327 -184.319026207135
1328 -184.159338384107
1329 -183.999935369073
1330 -183.840816290221
1331 -183.681980279874
1332 -183.52342647446
1333 -183.365154014493
1334 -183.207162044544
1335 -183.049449713214
1336 -182.892016173118
1337 -182.734860580851
1338 -182.577982096972
1339 -182.421379885975
1340 -182.265053116266
1341 -182.109000960142
1342 -181.953222593765
1343 -181.79771719714
1344 -181.642483954089
1345 -181.487522052234
1346 -181.332830682969
1347 -181.178409041437
1348 -181.024256326514
1349 -180.870371740776
1350 -180.716754490489
1351 -180.563403785577
1352 -180.410318839605
1353 -180.257498869758
1354 -180.104943096814
1355 -179.952650745129
1356 -179.800621042614
1357 -179.648853220709
1358 -179.497346514368
1359 -179.346100162037
1360 -179.195113405629
1361 -179.044385490512
1362 -178.893915665475
1363 -178.743703182724
1364 -178.593747297849
1365 -178.444047269809
1366 -178.294602360913
1367 -178.1454118368
1368 -177.996474966415
1369 -177.847791021995
1370 -177.699359279047
1371 -177.551179016331
1372 -177.403249515835
1373 -177.255570062766
1374 -177.108139945518
1375 -176.960958455668
1376 -176.814024887944
1377 -176.667338540217
1378 -176.520898713475
1379 -176.37470471181
1380 -176.228755842396
1381 -176.083051415474
1382 -175.937590744334
1383 -175.792373145293
1384 -175.647397937684
1385 -175.502664443833
1386 -175.358171989045
1387 -175.213919901585
1388 -175.069907512659
1389 -174.926134156404
1390 -174.782599169862
1391 -174.639301892969
1392 -174.496241668538
1393 -174.353417842239
1394 -174.210829762586
1395 -174.068476780918
1396 -173.926358251384
1397 -173.784473530932
1398 -173.64282197928
1399 -173.501402958911
1400 -173.360215835057
1401 -173.219259975676
1402 -173.078534751443
1403 -172.93803953573
1404 -172.797773704595
1405 -172.657736636764
1406 -172.517927713616
1407 -172.378346319165
1408 -172.238991840053
1409 -172.099863665526
1410 -171.960961187426
1411 -171.822283800171
1412 -171.683830900745
1413 -171.545601888679
1414 -171.407596166042
1415 -171.26981313742
1416 -171.132252209907
1417 -170.99491279309
1418 -170.857794299033
1419 -170.720896142262
1420 -170.584217739758
1421 -170.447758510934
1422 -170.311517877626
1423 -170.175495264083
1424 -170.039690096944
1425 -169.904101805234
1426 -169.768729820345
1427 -169.633573576025
1428 -169.498632508364
1429 -169.363906055781
1430 -169.229393659013
1431 -169.095094761096
1432 -168.961008807361
1433 -168.827135245414
1434 -168.693473525127
1435 -168.560023098623
1436 -168.426783420266
1437 -168.293753946648
1438 -168.160934136575
1439 -168.028323451056
1440 -167.89592135329
1441 -167.763727308657
1442 -167.6317407847
1443 -167.499961251119
1444 -167.368388179755
1445 -167.237021044581
1446 -167.105859321689
1447 -166.974902489278
1448 -166.844150027643
1449 -166.713601419164
1450 -166.583256148293
1451 -166.453113701542
1452 -166.323173567478
1453 -166.193435236702
1454 -166.063898201847
1455 -165.93456195756
1456 -165.805426000495
1457 -165.676489829302
1458 -165.547752944613
1459 -165.419214849034
1460 -165.290875047136
1461 -165.162733045438
1462 -165.034788352402
1463 -164.907040478422
1464 -164.779488935811
1465 -164.652133238794
1466 -164.524972903492
1467 -164.39800744792
1468 -164.271236391968
1469 -164.144659257397
1470 -164.018275567829
1471 -163.892084848732
1472 -163.766086627415
1473 -163.640280433015
1474 -163.51466579649
1475 -163.389242250608
1476 -163.264009329933
1477 -163.138966570827
1478 -163.014113511425
1479 -162.889449691637
1480 -162.764974653138
1481 -162.640687939349
1482 -162.51658909544
1483 -162.392677668313
1484 -162.268953206592
1485 -162.145415260623
1486 -162.022063382451
1487 -161.898897125825
1488 -161.77591604618
1489 -161.653119700629
1490 -161.530507647959
1491 -161.408079448617
1492 -161.285834664704
1493 -161.163772859965
1494 -161.041893599781
1495 -160.920196451161
1496 -160.798680982734
1497 -160.677346764734
1498 -160.556193369003
1499 -160.435220368974
1500 -160.314427339665
1501 -160.193813857672
1502 -160.073379501156
1503 -159.953123849845
1504 -159.833046485015
1505 -159.713146989486
1506 -159.593424947618
1507 -159.473879945295
1508 -159.354511569923
1509 -159.235319410423
1510 -159.116303057218
1511 -158.997462102228
1512 -158.878796138865
1513 -158.76030476202
1514 -158.641987568057
1515 -158.523844154811
1516 -158.405874121571
1517 -158.28807706908
1518 -158.170452599525
1519 -158.053000316529
1520 -157.935719825143
1521 -157.818610731841
1522 -157.701672644514
1523 -157.584905172455
1524 -157.468307926363
1525 -157.351880518326
1526 -157.23562256182
1527 -157.1195336717
1528 -157.003613464192
1529 -156.887861556888
1530 -156.772277568738
1531 -156.656861120043
1532 -156.541611832448
1533 -156.426529328938
1534 -156.311613233825
1535 -156.19686317275
1536 -156.082278772668
1537 -155.967859661846
1538 -155.853605469856
1539 -155.739515827567
1540 -155.625590367139
1541 -155.511828722019
1542 -155.39823052693
1543 -155.284795417868
1544 -155.171523032096
1545 -155.058413008135
1546 -154.945464985759
1547 -154.83267860599
1548 -154.720053511091
1549 -154.607589344557
1550 -154.495285751116
1551 -154.383142376713
1552 -154.271158868515
1553 -154.159334874896
1554 -154.047670045434
1555 -153.936164030906
1556 -153.824816483284
1557 -153.713627055724
1558 -153.602595402563
1559 -153.491721179316
1560 -153.381004042663
1561 -153.270443650451
1562 -153.160039661684
1563 -153.049791736518
1564 -152.939699536254
1565 -152.829762723339
1566 -152.719980961351
1567 -152.610353914998
1568 -152.500881250116
1569 -152.391562633659
1570 -152.28239773369
1571 -152.173386219388
1572 -152.064527761029
1573 -151.955822029988
1574 -151.847268698736
1575 -151.738867440825
1576 -151.630617930893
1577 -151.522519844653
1578 -151.414572858891
1579 -151.306776651457
1580 -151.199130901265
1581 -151.091635288281
1582 -150.984289493528
1583 -150.87709319907
1584 -150.770046088015
1585 -150.663147844505
1586 -150.556398153715
1587 -150.449796701845
1588 -150.343343176119
1589 -150.237037264774
1590 -150.130878657062
1591 -150.024867043239
1592 -149.919002114567
1593 -149.813283563302
1594 -149.707711082696
1595 -149.602284366986
1596 -149.497003111394
1597 -149.391867012123
1598 -149.286875766346
1599 -149.182029072211
1600 -149.077326628826
1601 -148.972768136263
1602 -148.868353295549
1603 -148.764081808665
1604 -148.659953378536
1605 -148.555967709032
1606 -148.452124504962
1607 -148.348423472067
1608 -148.244864317022
1609 -148.141446747422
1610 -148.038170471788
1611 -147.935035199556
1612 -147.832040641075
1613 -147.729186507605
1614 -147.626472511307
1615 -147.523898365243
1616 -147.421463783372
1617 -147.319168480547
1618 -147.217012172506
1619 -147.114994575872
1620 -147.013115408148
1621 -146.911374387713
1622 -146.809771233818
1623 -146.708305666583
1624 -146.606977406988
1625 -146.505786176878
1626 -146.404731698953
1627 -146.303813696762
1628 -146.203031894707
1629 -146.102386018031
1630 -146.001875792821
1631 -145.901500945999
1632 -145.801261205321
1633 -145.701156299372
1634 -145.601185957562
1635 -145.501349910127
1636 -145.401647888117
1637 -145.3020796234
1638 -145.202644848652
1639 -145.10334329736
1640 -145.004174703811
1641 -144.905138803096
1642 -144.806235331103
1643 -144.70746402451
1644 -144.608824620786
1645 -144.510316858188
1646 -144.411940475754
1647 -144.313695213302
1648 -144.215580811427
1649 -144.117597011494
1650 -144.019743555639
1651 -143.922020186762
1652 -143.824426648529
1653 -143.726962685362
1654 -143.629628042438
1655 -143.532422465689
1656 -143.435345701794
1657 -143.33839749818
1658 -143.241577603015
1659 -143.144885765206
1660 -143.048321734397
1661 -142.951885260967
1662 -142.855576096021
1663 -142.759393991393
1664 -142.663338699639
1665 -142.567409974039
1666 -142.471607568586
1667 -142.375931237989
1668 -142.280380737668
1669 -142.184955823752
1670 -142.089656253075
1671 -141.99448178317
1672 -141.899432172275
1673 -141.804507179317
1674 -141.709706563922
1675 -141.615030086403
1676 -141.520477507761
1677 -141.426048589682
1678 -141.331743094533
1679 -141.237560785358
1680 -141.143501425878
1681 -141.049564780489
1682 -140.955750614252
1683 -140.8620586929
1684 -140.768488782827
1685 -140.67504065109
1686 -140.581714065405
1687 -140.488508794143
1688 -140.39542460633
1689 -140.30246127164
1690 -140.209618560397
1691 -140.116896243569
1692 -140.024294092767
1693 -139.931811880242
1694 -139.839449378881
1695 -139.747206362205
1696 -139.65508260437
1697 -139.563077880159
1698 -139.471191964981
1699 -139.379424634872
1700 -139.287775666484
1701 -139.196244837093
1702 -139.10483192459
1703 -139.013536707481
1704 -138.922358964879
1705 -138.83129847651
1706 -138.740355022706
1707 -138.649528384401
1708 -138.558818343133
1709 -138.468224681034
1710 -138.37774718084
1711 -138.287385625875
1712 -138.197139800058
1713 -138.107009487894
1714 -138.01699447448
1715 -137.927094545492
1716 -137.837309487192
1717 -137.747639086421
1718 -137.658083130597
1719 -137.568641407715
1720 -137.479313706339
1721 -137.390099815607
1722 -137.300999525225
1723 -137.212012625464
1724 -137.12313890716
1725 -137.034378161709
1726 -136.945730181068
1727 -136.85719475775
1728 -136.768771684823
1729 -136.680460755909
1730 -136.592261765179
1731 -136.504174507352
1732 -136.416198777696
1733 -136.32833437202
1734 -136.240581086675
1735 -136.152938718554
1736 -136.065407065087
1737 -135.977985924238
1738 -135.890675094507
1739 -135.803474374922
1740 -135.716383565043
1741 -135.629402464956
1742 -135.542530875274
1743 -135.455768597131
1744 -135.369115432181
1745 -135.282571182602
1746 -135.196135651084
1747 -135.109808640836
1748 -135.023589955576
1749 -134.937479399537
1750 -134.85147677746
1751 -134.765581894591
1752 -134.679794556684
1753 -134.594114569996
1754 -134.508541741283
1755 -134.423075877804
1756 -134.337716787313
1757 -134.252464278061
1758 -134.167318158793
1759 -134.082278238743
1760 -133.99734432764
1761 -133.912516235696
1762 -133.827793773614
1763 -133.743176752578
1764 -133.658664984256
1765 -133.574258280797
1766 -133.489956454831
1767 -133.40575931946
1768 -133.321666688267
1769 -133.237678375305
1770 -133.1537941951
1771 -133.07001396265
1772 -132.98633749342
1773 -132.902764603339
1774 -132.819295108805
1775 -132.735928826678
1776 -132.652665574277
1777 -132.569505169386
1778 -132.486447430241
1779 -132.403492175537
1780 -132.320639224426
1781 -132.237888396509
1782 -132.15523951184
1783 -132.072692390923
1784 -131.990246854711
1785 -131.907902724602
1786 -131.825659822437
1787 -131.743517970505
1788 -131.66147699153
1789 -131.579536708681
1790 -131.497696945565
1791 -131.415957526222
1792 -131.334318275132
1793 -131.252779017204
1794 -131.171339577781
1795 -131.089999782638
1796 -131.008759457976
1797 -130.927618430425
1798 -130.846576527039
1799 -130.765633575298
1800 -130.684789403106
1801 -130.604043838783
1802 -130.523396711075
1803 -130.442847849143
1804 -130.362397082563
1805 -130.282044241329
1806 -130.201789155849
1807 -130.121631656939
1808 -130.041571575832
1809 -129.961608744167
1810 -129.881742993988
1811 -129.801974157752
1812 -129.722302068315
1813 -129.64272655894
1814 -129.563247463293
1815 -129.483864615435
1816 -129.404577849833
1817 -129.325387001351
1818 -129.246291905243
1819 -129.167292397165
1820 -129.088388313166
1821 -129.009579489685
1822 -128.930865763553
1823 -128.85224697199
1824 -128.773722952606
1825 -128.695293543397
1826 -128.616958582745
1827 -128.538717909415
1828 -128.460571362556
1829 -128.382518781699
1830 -128.304560006755
1831 -128.226694878013
1832 -128.148923236141
1833 -128.071244922183
1834 -127.99365977756
1835 -127.916167644061
1836 -127.838768363855
1837 -127.761461779477
1838 -127.684247733835
1839 -127.607126070205
1840 -127.530096632228
1841 -127.453159263916
1842 -127.376313809641
1843 -127.299560114144
1844 -127.222898022525
1845 -127.146327380244
1846 -127.069848033125
1847 -126.99345982735
1848 -126.917162609457
1849 -126.840956226342
1850 -126.764840525256
1851 -126.688815353802
1852 -126.61288055994
1853 -126.537035991979
1854 -126.461281498578
1855 -126.385616928748
1856 -126.310042131847
1857 -126.234556957578
1858 -126.159161255994
1859 -126.083854877489
1860 -126.008637672804
1861 -125.933509493021
1862 -125.85847018956
1863 -125.78351961419
1864 -125.708657619009
1865 -125.63388405646
1866 -125.55919877932
1867 -125.484601640703
1868 -125.410092494058
1869 -125.335671193165
1870 -125.261337592139
1871 -125.187091545427
1872 -125.112932907805
1873 -125.038861534378
1874 -124.96487728058
1875 -124.890980002172
1876 -124.817169555243
1877 -124.743445796203
1878 -124.669808581788
1879 -124.596257769058
1880 -124.522793215396
1881 -124.449414778501
1882 -124.376122316397
1883 -124.302915687424
1884 -124.229794750241
1885 -124.156759363823
1886 -124.083809387462
1887 -124.010944680763
1888 -123.938165103646
1889 -123.865470516344
1890 -123.792860779401
1891 -123.720335753673
1892 -123.647895300324
1893 -123.575539280828
1894 -123.503267556967
1895 -123.43107999083
1896 -123.358976444811
1897 -123.28695678161
1898 -123.215020864228
1899 -123.143168555976
1900 -123.071399720459
1901 -122.999714221589
1902 -122.928111923574
1903 -122.856592690925
1904 -122.785156388449
1905 -122.713802881252
1906 -122.642532034733
1907 -122.571343714592
1908 -122.500237786818
1909 -122.4292141177
1910 -122.358272573813
1911 -122.287413022028
1912 -122.216635329508
1913 -122.145939363703
1914 -122.075324992354
1915 -122.00479208349
1916 -121.934340505427
1917 -121.863970126768
1918 -121.793680816403
1919 -121.723472443504
1920 -121.65334487753
1921 -121.58329798822
1922 -121.513331645597
1923 -121.443445719967
1924 -121.373640081913
1925 -121.303914602299
1926 -121.23426915227
1927 -121.164703603245
1928 -121.095217826925
1929 -121.025811695283
1930 -120.956485080569
1931 -120.887237855307
1932 -120.818069892298
1933 -120.74898106461
1934 -120.67997124559
1935 -120.611040308851
1936 -120.542188128278
1937 -120.473414578028
1938 -120.404719532525
1939 -120.336102866461
1940 -120.267564454794
1941 -120.199104172753
1942 -120.130721895828
1943 -120.062417499777
1944 -119.994190860619
1945 -119.926041854641
1946 -119.857970358389
1947 -119.789976248671
1948 -119.722059402558
1949 -119.65421969738
1950 -119.586457010727
1951 -119.518771220447
1952 -119.451162204646
1953 -119.383629841688
1954 -119.316174010194
1955 -119.24879458904
1956 -119.181491457357
1957 -119.114264494528
1958 -119.047113580195
1959 -118.980038594247
1960 -118.913039416829
1961 -118.846115928336
1962 -118.779268009413
1963 -118.712495540957
1964 -118.645798404108
1965 -118.579176480265
1966 -118.512629651063
1967 -118.446157798393
1968 -118.379760804388
1969 -118.313438551428
1970 -118.247190922136
1971 -118.181017799382
1972 -118.114919066277
1973 -118.048894606176
1974 -117.982944302676
1975 -117.917068039616
1976 -117.851265701074
1977 -117.785537171369
1978 -117.719882335058
1979 -117.65430107694
1980 -117.58879328205
1981 -117.523358835659
1982 -117.457997623276
1983 -117.392709530646
1984 -117.327494443749
1985 -117.2623522488
1986 -117.197282832249
1987 -117.132286080776
1988 -117.067361881297
1989 -117.002510120959
1990 -116.937730687138
1991 -116.873023467446
1992 -116.80838834972
1993 -116.743825222027
1994 -116.679333972667
1995 -116.614914490163
1996 -116.55056666327
1997 -116.486290380966
1998 -116.422085532458
1999 -116.357952007176
2000 -116.293889694779
2001 -116.229898485145
2002 -116.165978268383
2003 -116.102128934815
2004 -116.038350374996
2005 -115.974642479697
2006 -115.911005139911
2007 -115.847438246854
2008 -115.783941691958
2009 -115.72051536688
2010 -115.65715916349
2011 -115.593872973879
2012 -115.530656690359
2013 -115.467510205452
2014 -115.404433411904
2015 -115.341426202671
2016 -115.278488470928
2017 -115.215620110062
2018 -115.152821013677
2019 -115.090091075589
2020 -115.027430189826
2021 -114.964838250631
2022 -114.902315152456
2023 -114.839860789968
2024 -114.777475058041
2025 -114.715157851761
2026 -114.652909066423
2027 -114.590728597531
2028 -114.528616340799
2029 -114.466572192146
2030 -114.404596047702
2031 -114.3426878038
2032 -114.280847356982
2033 -114.219074603994
2034 -114.15736944179
2035 -114.095731767524
2036 -114.034161478557
2037 -113.972658472454
2038 -113.911222646982
2039 -113.84985390011
2040 -113.788552130009
2041 -113.727317235053
2042 -113.666149113814
2043 -113.605047665066
2044 -113.544012787785
2045 -113.483044381142
2046 -113.422142344508
2047 -113.361306577456
2048 -113.300536979749
2049 -113.239833451355
2050 -113.179195892434
2051 -113.118624203344
2052 -113.058118284639
2053 -112.997678037065
2054 -112.937303361567
2055 -112.876994159281
2056 -112.816750331537
2057 -112.75657177986
2058 -112.696458405964
2059 -112.63641011176
2060 -112.576426799347
2061 -112.516508371015
2062 -112.456654729246
2063 -112.396865776712
2064 -112.337141416275
2065 -112.277481550983
2066 -112.217886084078
2067 -112.158354918985
2068 -112.098887959321
2069 -112.039485108887
2070 -111.98014627167
2071 -111.920871351849
2072 -111.861660253783
2073 -111.802512882015
2074 -111.743429141281
2075 -111.684408936492
2076 -111.62545217275
2077 -111.566558755337
2078 -111.507728589717
2079 -111.448961581539
2080 -111.390257636633
2081 -111.331616661009
2082 -111.273038560862
2083 -111.214523242563
2084 -111.156070612667
2085 -111.097680577905
2086 -111.039353045191
2087 -110.981087921615
2088 -110.922885114447
2089 -110.864744531134
2090 -110.806666079303
2091 -110.748649666751
2092 -110.690695201461
2093 -110.632802591585
2094 -110.574971745455
2095 -110.517202571575
2096 -110.459494978625
2097 -110.401848875462
2098 -110.344264171113
2099 -110.286740774778
2100 -110.229278595835
2101 -110.171877543832
2102 -110.114537528487
2103 -110.057258459693
2104 -110.000040247513
2105 -109.942882802181
2106 -109.885786034101
2107 -109.828749853848
2108 -109.771774172168
2109 -109.714858899972
2110 -109.658003948344
2111 -109.601209228536
2112 -109.544474651963
2113 -109.487800130215
2114 -109.431185575045
2115 -109.374630898372
2116 -109.318136012284
2117 -109.261700829033
2118 -109.205325261037
2119 -109.149009220881
2120 -109.092752621311
2121 -109.036555375241
2122 -108.980417395748
2123 -108.92433859607
2124 -108.868318889611
2125 -108.812358189937
2126 -108.756456410775
2127 -108.700613466017
2128 -108.644829269713
2129 -108.589103736076
2130 -108.533436779482
2131 -108.477828314462
2132 -108.422278255711
2133 -108.366786518082
2134 -108.311353016589
2135 -108.255977666403
2136 -108.200660382855
2137 -108.145401081432
2138 -108.09019967778
2139 -108.035056087703
2140 -107.979970227161
2141 -107.92494201227
2142 -107.869971359304
2143 -107.815058184692
2144 -107.760202405017
2145 -107.705403937018
2146 -107.650662697591
2147 -107.595978603781
2148 -107.541351572795
2149 -107.486781521985
2150 -107.432268368861
2151 -107.377812031087
2152 -107.323412426474
2153 -107.269069472991
2154 -107.214783088758
2155 -107.16055319204
2156 -107.106379701264
2157 -107.052262534996
2158 -106.998201611961
2159 -106.944196851031
2160 -106.890248171228
2161 -106.836355491721
2162 -106.782518731832
2163 -106.728737811028
2164 -106.675012648926
2165 -106.621343165292
2166 -106.567729280036
2167 -106.514170913219
2168 -106.460667985046
2169 -106.407220415872
2170 -106.353828126193
2171 -106.300491036656
2172 -106.24720906805
2173 -106.193982141311
2174 -106.14081017752
2175 -106.087693097899
2176 -106.034630823819
2177 -105.981623276792
2178 -105.928670378474
2179 -105.875772050665
2180 -105.822928215306
2181 -105.770138794482
2182 -105.71740371042
2183 -105.664722885487
2184 -105.612096242195
2185 -105.559523703193
2186 -105.507005191275
2187 -105.454540629371
2188 -105.402129940557
2189 -105.349773048042
2190 -105.297469875179
2191 -105.245220345461
2192 -105.193024382516
2193 -105.140881910113
2194 -105.088792852161
2195 -105.036757132702
2196 -104.98477467592
2197 -104.932845406136
2198 -104.880969247805
2199 -104.829146125521
2200 -104.777375964013
2201 -104.72565868815
2202 -104.673994222931
2203 -104.622382493493
2204 -104.57082342511
2205 -104.519316943188
2206 -104.467862973269
2207 -104.416461441029
2208 -104.365112272279
2209 -104.313815392958
2210 -104.262570729148
2211 -104.211378207055
2212 -104.160237753024
2213 -104.109149293528
2214 -104.058112755175
2215 -104.007128064702
2216 -103.956195148981
2217 -103.905313935012
2218 -103.854484349928
2219 -103.803706320993
2220 -103.752979775598
2221 -103.702304641269
2222 -103.651680845656
2223 -103.601108316544
2224 -103.550586981843
2225 -103.500116769594
2226 -103.449697607967
2227 -103.399329425259
2228 -103.349012149894
2229 -103.298745710426
2230 -103.248530035537
2231 -103.198365054031
2232 -103.148250694847
2233 -103.098186887043
2234 -103.048173559808
2235 -102.998210642455
2236 -102.948298064422
2237 -102.898435755277
2238 -102.848623644706
2239 -102.798861662526
2240 -102.749149738675
2241 -102.699487803218
2242 -102.649875786342
2243 -102.60031361836
2244 -102.550801229704
2245 -102.501338550936
2246 -102.451925512735
2247 -102.402562045906
2248 -102.353248081375
2249 -102.303983550192
2250 -102.254768383526
2251 -102.20560251267
2252 -102.156485869037
2253 -102.107418384163
2254 -102.058399989701
2255 -102.00943061743
2256 -101.960510199245
2257 -101.911638667161
2258 -101.862815953316
2259 -101.814041989966
2260 -101.765316709486
2261 -101.716640044369
2262 -101.668011927227
2263 -101.619432290793
2264 -101.570901067914
2265 -101.52241819156
2266 -101.473983594815
2267 -101.42559721088
2268 -101.377258973078
2269 -101.328968814842
2270 -101.280726669727
2271 -101.232532471403
2272 -101.184386153655
2273 -101.136287650385
2274 -101.088236895611
2275 -101.040233823465
2276 -100.992278368196
2277 -100.944370464165
2278 -100.896510045852
2279 -100.848697047848
2280 -100.800931404859
2281 -100.753213051706
2282 -100.705541923322
2283 -100.657917954755
2284 -100.610341081164
2285 -100.562811237824
2286 -100.51532836012
2287 -100.467892383551
2288 -100.42050324373
2289 -100.373160876376
2290 -100.325865217326
2291 -100.278616202524
2292 -100.23141376803
2293 -100.18425785001
2294 -100.137148384744
2295 -100.090085308623
2296 -100.043068558145
2297 -99.9960980699196
2298 -99.9491737806692
2299 -99.9022956272221
2300 -99.8554635465167
2301 -99.8086774756012
2302 -99.7619373516328
2303 -99.7152431118768
2304 -99.6685946937073
2305 -99.6219920346074
2306 -99.5754350721658
2307 -99.5289237440819
2308 -99.4824579881615
2309 -99.4360377423153
2310 -99.3896629445653
2311 -99.3433335330373
2312 -99.2970494459656
2313 -99.2508106216887
2314 -99.2046169986538
2315 -99.158468515412
2316 -99.1123651106211
2317 -99.0663067230436
2318 -99.0202932915485
2319 -98.9743247551098
2320 -98.9284010528047
2321 -98.8825221238173
2322 -98.8366879074327
2323 -98.7908983430444
2324 -98.7451533701472
2325 -98.6994529283404
2326 -98.6537969573247
2327 -98.6081853969092
2328 -98.5626181870009
2329 -98.5170952676114
2330 -98.471616578857
2331 -98.4261820609535
2332 -98.3807916542186
2333 -98.3354452990773
2334 -98.2901429360482
2335 -98.244884505759
2336 -98.1996699489353
2337 -98.1544992064014
2338 -98.1093722190883
2339 -98.0642889280246
2340 -98.0192492743364
2341 -97.9742531992582
2342 -97.9293006441154
2343 -97.8843915503395
2344 -97.8395258594595
2345 -97.7947035131053
2346 -97.7499244530028
2347 -97.7051886209812
2348 -97.6604959589642
2349 -97.6158464089782
2350 -97.5712399131454
2351 -97.5266764136891
2352 -97.4821558529247
2353 -97.4376781732738
2354 -97.3932433172479
2355 -97.3488512274607
2356 -97.3045018466231
2357 -97.2601951175385
2358 -97.2159309831135
2359 -97.1717093863461
2360 -97.1275302703326
2361 -97.0833935782685
2362 -97.0392992534399
2363 -96.9952472392322
2364 -96.9512374791255
2365 -96.907269916696
2366 -96.8633444956146
2367 -96.8194611596473
2368 -96.7756198526537
2369 -96.7318205185911
2370 -96.6880631015088
2371 -96.6443475455519
2372 -96.6006737949574
2373 -96.5570417940593
2374 -96.5134514872816
2375 -96.4699028191458
2376 -96.4263957342619
2377 -96.3829301773403
2378 -96.3395060931762
2379 -96.2961234266622
2380 -96.252782122784
2381 -96.2094821266162
2382 -96.1662233833276
2383 -96.1230058381808
2384 -96.0798294365264
2385 -96.0366941238105
2386 -95.9935998455666
2387 -95.9505465474228
2388 -95.9075341750974
2389 -95.8645626743973
2390 -95.8216319912245
2391 -95.7787420715683
2392 -95.7358928615084
2393 -95.6930843072147
2394 -95.6503163549474
2395 -95.6075889510604
2396 -95.5649020419891
2397 -95.5222555742654
2398 -95.4796494945058
2399 -95.4370837494198
2400 -95.3945582858027
2401 -95.3520730505393
2402 -95.309627990604
2403 -95.2672230530587
2404 -95.2248581850528
2405 -95.1825333338243
2406 -95.1402484466993
2407 -95.0980034710926
2408 -95.0557983545028
2409 -95.0136330445201
2410 -94.9715074888182
2411 -94.9294216351618
2412 -94.8873754313977
2413 -94.8453688254615
2414 -94.803401765376
2415 -94.7614741992487
2416 -94.7195860752748
2417 -94.6777373417342
2418 -94.6359279469916
2419 -94.5941578395
2420 -94.5524269677954
2421 -94.510735280499
2422 -94.4690827263181
2423 -94.4274692540462
2424 -94.3858948125578
2425 -94.3443593508142
2426 -94.3028628178612
2427 -94.2614051628289
2428 -94.2199863349313
2429 -94.1786062834633
2430 -94.1372649578071
2431 -94.095962307429
2432 -94.0546982818751
2433 -94.0134728307768
2434 -93.9722859038491
2435 -93.9311374508876
2436 -93.8900274217731
2437 -93.8489557664672
2438 -93.8079224350139
2439 -93.7669273775423
2440 -93.7259705442593
2441 -93.6850518854553
2442 -93.6441713515032
2443 -93.603328892857
2444 -93.562524460051
2445 -93.5217580037025
2446 -93.4810294745098
2447 -93.4403388232504
2448 -93.3996860007826
2449 -93.3590709580484
2450 -93.3184936460653
2451 -93.2779540159365
2452 -93.2374520188396
2453 -93.1969876060379
2454 -93.1565607288698
2455 -93.1161713387555
2456 -93.075819387195
2457 -93.035504825767
2458 -92.9952276061289
2459 -92.9549876800179
2460 -92.9147849992486
2461 -92.8746195157171
2462 -92.8344911813956
2463 -92.7943999483346
2464 -92.7543457686647
2465 -92.7143285945936
2466 -92.6743483784058
2467 -92.6344050724653
2468 -92.5944986292136
2469 -92.5546290011687
2470 -92.5147961409257
2471 -92.4750000011583
2472 -92.4352405346163
2473 -92.3955176941264
2474 -92.3558314325915
2475 -92.3161817029918
2476 -92.2765684583851
2477 -92.2369916519035
2478 -92.1974512367548
2479 -92.1579471662247
2480 -92.1184793936747
2481 -92.0790478725391
2482 -92.0396525563302
2483 -92.0002933986371
2484 -91.9609703531201
2485 -91.9216833735171
2486 -91.8824324136418
2487 -91.8432174273799
2488 -91.8040383686941
2489 -91.7648951916215
2490 -91.7257878502714
2491 -91.6867162988296
2492 -91.6476804915543
2493 -91.6086803827802
2494 -91.5697159269124
2495 -91.5307870784318
2496 -91.4918937918929
2497 -91.4530360219218
2498 -91.4142137232193
2499 -91.3754268505598
2500 -91.3366753587879
2501 -91.2979592028245
2502 -91.2592783376618
2503 -91.2206327183615
2504 -91.1820223000642
2505 -91.1434470379751
2506 -91.1049068873777
2507 -91.066401803623
2508 -91.0279317421386
2509 -90.9894966584193
2510 -90.9510965080325
2511 -90.9127312466187
2512 -90.8744008298882
2513 -90.8361052136222
2514 -90.7978443536752
2515 -90.7596182059688
2516 -90.721426726498
2517 -90.6832698713283
2518 -90.6451475965946
2519 -90.6070598585023
2520 -90.5690066133278
2521 -90.5309878174164
2522 -90.4930034271838
2523 -90.4550533991172
2524 -90.4171376897687
2525 -90.3792562557652
2526 -90.3414090538
2527 -90.303596040637
2528 -90.2658171731062
2529 -90.2280724081128
2530 -90.1903617026225
2531 -90.1526850136778
2532 -90.1150422983845
2533 -90.0774335139184
2534 -90.0398586175238
2535 -90.0023175665147
2536 -89.9648103182674
2537 -89.9273368302351
2538 -89.8898970599309
2539 -89.8524909649394
2540 -89.8151185029124
2541 -89.7777796315676
2542 -89.740474308691
2543 -89.703202492136
2544 -89.6659641398237
2545 -89.6287592097405
2546 -89.5915876599397
2547 -89.5544494485422
2548 -89.5173445337356
2549 -89.4802728737718
2550 -89.4432344269721
2551 -89.4062291517213
2552 -89.3692570064708
2553 -89.3323179497389
2554 -89.2954119401091
2555 -89.2585389362302
2556 -89.2216988968164
2557 -89.1848917806478
2558 -89.1481175465703
2559 -89.1113761534941
2560 -89.074667560393
2561 -89.0379917263098
2562 -89.0013486103475
2563 -88.9647381716766
2564 -88.9281603695309
2565 -88.8916151632095
2566 -88.8551025120759
2567 -88.8186223755548
2568 -88.7821747131391
2569 -88.7457594843835
2570 -88.709376648907
2571 -88.6730261663916
2572 -88.6367079965831
2573 -88.6004220992924
2574 -88.56416843439
2575 -88.5279469618143
2576 -88.4917576415623
2577 -88.4556004336978
2578 -88.4194752983448
2579 -88.3833821956912
2580 -88.3473210859864
2581 -88.3112919295439
2582 -88.2752946867385
2583 -88.2393293180089
2584 -88.2033957838522
2585 -88.1674940448304
2586 -88.1316240615682
2587 -88.0957857947504
2588 -88.059979205124
2589 -88.0242042534961
2590 -87.9884609007377
2591 -87.9527491077802
2592 -87.9170688356151
2593 -87.8814200452962
2594 -87.84580269794
2595 -87.810216754719
2596 -87.7746621768708
2597 -87.7391389256915
2598 -87.7036469625383
2599 -87.6681862488305
2600 -87.6327567460443
2601 -87.5973584157194
2602 -87.5619912194529
2603 -87.5266551189039
2604 -87.4913500757912
2605 -87.4560760518906
2606 -87.4208330090405
2607 -87.3856209091391
2608 -87.3504397141432
2609 -87.3152893860644
2610 -87.2801698869831
2611 -87.2450811790298
2612 -87.210023224399
2613 -87.1749959853419
2614 -87.1399994241692
2615 -87.1050335032508
2616 -87.0700981850141
2617 -87.0351934319461
2618 -87.0003192065898
2619 -86.9654754715482
2620 -86.9306621894833
2621 -86.8958793231135
2622 -86.8611268352158
2623 -86.8264046886242
2624 -86.7917128462312
2625 -86.7570512709865
2626 -86.7224199258966
2627 -86.6878187740277
2628 -86.6532477785008
2629 -86.618706902494
2630 -86.5841961092462
2631 -86.549715362046
2632 -86.5152646242473
2633 -86.4808438592536
2634 -86.4464530305296
2635 -86.4120921015951
2636 -86.3777610360253
2637 -86.3434597974527
2638 -86.3091883495669
2639 -86.2749466561108
2640 -86.2407346808863
2641 -86.2065523877493
2642 -86.1723997406122
2643 -86.1382767034439
2644 -86.1041832402667
2645 -86.0701193151609
2646 -86.0360848922591
2647 -86.0020799357528
2648 -85.968104409886
2649 -85.9341582789592
2650 -85.9002415073273
2651 -85.8663540593997
2652 -85.8324958996415
2653 -85.798666992571
2654 -85.7648673027636
2655 -85.7310967948465
2656 -85.6973554335018
2657 -85.6636431834683
2658 -85.6299600095354
2659 -85.5963058765495
2660 -85.5626807494083
2661 -85.5290845930653
2662 -85.4955173725291
2663 -85.4619790528597
2664 -85.4284695991686
2665 -85.3949889766266
2666 -85.3615371504513
2667 -85.3281140859199
2668 -85.294719748359
2669 -85.2613541031482
2670 -85.2280171157222
2671 -85.1947087515663
2672 -85.1614289762208
2673 -85.1281777552766
2674 -85.0949550543791
2675 -85.0617608392242
2676 -85.0285950755628
2677 -84.9954577291968
2678 -84.9623487659781
2679 -84.9292681518159
2680 -84.8962158526644
2681 -84.8631918345369
2682 -84.8301960634957
2683 -84.7972285056511
2684 -84.7642891271725
2685 -84.7313778942748
2686 -84.6984947732267
2687 -84.6656397303483
2688 -84.6328127320104
2689 -84.6000137446352
2690 -84.5672427346972
2691 -84.5344996687193
2692 -84.5017845132776
2693 -84.4690972349984
2694 -84.4364378005593
2695 -84.4038061766854
2696 -84.3712023301571
2697 -84.3386262278018
2698 -84.3060778364983
2699 -84.2735571231777
2700 -84.2410640548164
2701 -84.2085985984474
2702 -84.1761607211462
2703 -84.1437503900444
2704 -84.1113675723222
2705 -84.0790122352055
2706 -84.0466843459754
2707 -84.0143838719598
2708 -83.9821107805349
2709 -83.9498650391299
2710 -83.9176466152184
2711 -83.8854554763273
2712 -83.8532915900308
2713 -83.8211549239542
2714 -83.7890454457674
2715 -83.7569631231942
2716 -83.7249079240017
2717 -83.6928798160099
2718 -83.6608787670877
2719 -83.628904745151
2720 -83.5969577181611
2721 -83.5650376541332
2722 -83.5331445211283
2723 -83.5012782872529
2724 -83.4694389206659
2725 -83.4376263895729
2726 -83.4058406622243
2727 -83.3740817069228
2728 -83.3423494920164
2729 -83.3106439859016
2730 -83.2789651570197
2731 -83.2473129738656
2732 -83.2156874049748
2733 -83.1840884189322
2734 -83.1525159843742
2735 -83.1209700699774
2736 -83.0894506444707
2737 -83.0579576766285
2738 -83.0264911352698
2739 -82.995050989264
2740 -82.9636372075237
2741 -82.9322497590126
2742 -82.9008886127361
2743 -82.8695537377469
2744 -82.8382451031495
2745 -82.8069626780865
2746 -82.7757064317528
2747 -82.7444763333874
2748 -82.7132723522738
2749 -82.6820944577448
2750 -82.6509426191761
2751 -82.6198168059896
2752 -82.5887169876554
2753 -82.5576431336863
2754 -82.5265952136412
2755 -82.4955731971268
2756 -82.464577053793
2757 -82.4336067533341
2758 -82.4026622654924
2759 -82.3717435600523
2760 -82.3408506068466
2761 -82.3099833757518
2762 -82.2791418366864
2763 -82.2483259596186
2764 -82.2175357145576
2765 -82.1867710715592
2766 -82.1560320007222
2767 -82.1253184721922
2768 -82.0946304561576
2769 -82.0639679228504
2770 -82.0333308425498
2771 -82.0027191855762
2772 -81.9721329222954
2773 -81.9415720231184
2774 -81.9110364584951
2775 -81.8805261989275
2776 -81.8500412149547
2777 -81.8195814771625
2778 -81.7891469561782
2779 -81.7587376226753
2780 -81.72835344737
2781 -81.6979944010211
2782 -81.6676604544306
2783 -81.6373515784444
2784 -81.6070677439513
2785 -81.5768089218853
2786 -81.5465750832195
2787 -81.516366198973
2788 -81.486182240206
2789 -81.456023178023
2790 -81.4258889835708
2791 -81.3957796280374
2792 -81.3656950826545
2793 -81.3356353186985
2794 -81.3056003074839
2795 -81.2755900203712
2796 -81.2456044287607
2797 -81.215643504097
2798 -81.1857072178643
2799 -81.1557955415932
2800 -81.1259084468496
2801 -81.0960459052486
2802 -81.0662078884416
2803 -81.0363943681252
2804 -81.0066053160353
2805 -80.9768407039496
2806 -80.9471005036916
2807 -80.9173846871204
2808 -80.887693226139
2809 -80.8580260926925
2810 -80.828383258766
2811 -80.7987646963861
2812 -80.7691703776221
2813 -80.7396002745816
2814 -80.7100543594143
2815 -80.6805326043114
2816 -80.6510349815053
2817 -80.6215614632673
2818 -80.5921120219111
2819 -80.5626866297901
2820 -80.5332852592989
2821 -80.5039078828717
2822 -80.4745544729834
2823 -80.4452250021502
2824 -80.4159194429269
2825 -80.3866377679094
2826 -80.3573799497351
2827 -80.3281459610781
2828 -80.298935774656
2829 -80.2697493632239
2830 -80.2405866995777
2831 -80.2114477565516
2832 -80.1823325070226
2833 -80.1532409239059
2834 -80.1241729801552
2835 -80.0951286487634
2836 -80.0661079027637
2837 -80.03711071523
2838 -80.0081370592757
2839 -79.9791869080489
2840 -79.9502602347413
2841 -79.9213570125831
2842 -79.8924772148403
2843 -79.863620814823
2844 -79.8347877858766
2845 -79.8059781013858
2846 -79.7771917347743
2847 -79.7484286595038
2848 -79.7196888490784
2849 -79.6909722770348
2850 -79.6622789169525
2851 -79.6336087424468
2852 -79.6049617271733
2853 -79.5763378448264
2854 -79.5477370691352
2855 -79.5191593738707
2856 -79.4906047328401
2857 -79.4620731198886
2858 -79.433564508901
2859 -79.4050788737971
2860 -79.3766161885363
2861 -79.3481764271177
2862 -79.3197595635739
2863 -79.2913655719771
2864 -79.2629944264378
2865 -79.234646101104
2866 -79.2063205701593
2867 -79.1780178078252
2868 -79.1497377883635
2869 -79.1214804860692
2870 -79.0932458752763
2871 -79.0650339303557
2872 -79.0368446257159
2873 -79.0086779358015
2874 -78.9805338350938
2875 -78.952412298112
2876 -78.9243132994113
2877 -78.8962368135859
2878 -78.8681828152607
2879 -78.8401512791039
2880 -78.8121421798171
2881 -78.7841554921389
2882 -78.7561911908429
2883 -78.7282492507412
2884 -78.7003296466826
2885 -78.6724323535487
2886 -78.6445573462606
2887 -78.6167045997735
2888 -78.5888740890792
2889 -78.5610657892067
2890 -78.5332796752196
2891 -78.5055157222183
2892 -78.4777739053358
2893 -78.4500541997449
2894 -78.4223565806537
2895 -78.3946810233017
2896 -78.3670275029699
2897 -78.3393959949709
2898 -78.3117864746522
2899 -78.2841989174001
2900 -78.2566332986331
2901 -78.2290895938062
2902 -78.2015677784102
2903 -78.1740678279683
2904 -78.1465897180429
2905 -78.119133424228
2906 -78.0916989221533
2907 -78.0642861874856
2908 -78.0368951959222
2909 -78.0095259232003
2910 -77.9821783450871
2911 -77.9548524373877
2912 -77.9275481759397
2913 -77.9002655366163
2914 -77.873004495327
2915 -77.8457650280105
2916 -77.8185471106458
2917 -77.7913507192412
2918 -77.7641758298433
2919 -77.7370224185299
2920 -77.7098904614147
2921 -77.6827799346439
2922 -77.6556908144007
2923 -77.628623076897
2924 -77.6015766983835
2925 -77.574551655143
2926 -77.5475479234917
2927 -77.5205654797811
2928 -77.4936043003916
2929 -77.4666643617456
2930 -77.4397456402897
2931 -77.4128481125103
2932 -77.3859717549258
2933 -77.3591165440859
2934 -77.3322824565775
2935 -77.3054694690164
2936 -77.2786775580538
2937 -77.2519067003748
2938 -77.2251568726972
2939 -77.1984280517688
2940 -77.1717202143757
2941 -77.1450333373322
2942 -77.1183673974887
2943 -77.0917223717261
2944 -77.0650982369582
2945 -77.0384949701336
2946 -77.0119125482324
2947 -76.9853509482673
2948 -76.9588101472825
2949 -76.9322901223551
2950 -76.905790850596
2951 -76.8793123091477
2952 -76.8528544751833
2953 -76.8264173259118
2954 -76.8000008385711
2955 -76.7736049904316
2956 -76.7472297587997
2957 -76.7208751210064
2958 -76.6945410544234
2959 -76.6682275364451
2960 -76.6419345445088
2961 -76.6156620560714
2962 -76.5894100486318
2963 -76.563178499715
2964 -76.5369673868778
2965 -76.5107766877133
2966 -76.4846063798407
2967 -76.4584564409102
2968 -76.432326848611
2969 -76.4062175806558
2970 -76.3801286147915
2971 -76.3540599287987
2972 -76.3280115004842
2973 -76.3019833076905
2974 -76.2759753282876
2975 -76.2499875401794
2976 -76.2240199213018
2977 -76.1980724496168
2978 -76.1721451031225
2979 -76.1462378598439
2980 -76.1203506978397
2981 -76.094483595196
2982 -76.0686365300346
2983 -76.0428094805036
2984 -76.017002424785
2985 -75.9912153410871
2986 -75.9654482076535
2987 -75.9397010027559
2988 -75.9139737046961
2989 -75.888266291805
2990 -75.8625787424476
2991 -75.8369110350176
2992 -75.8112631479375
2993 -75.7856350596605
2994 -75.76002674867
2995 -75.7344381934804
2996 -75.7088693726351
2997 -75.6833202647095
2998 -75.6577908483051
2999 -75.6322811020561
3000 -75.606791004625
3001 -75.581320534706
3002 -75.5558696710213
3003 -75.5304383923238
3004 -75.5050266773949
3005 -75.479634505046
3006 -75.454261854119
3007 -75.428908703484
3008 -75.4035750320394
3009 -75.3782608187172
3010 -75.3529660424751
3011 -75.3276906823
3012 -75.3024347172098
3013 -75.2771981262509
3014 -75.2519808884985
3015 -75.2267829830574
3016 -75.2016043890596
3017 -75.1764450856691
3018 -75.1513050520772
3019 -75.1261842675045
3020 -75.1010827111973
3021 -75.0760003624375
3022 -75.0509372005284
3023 -75.0258932048083
3024 -75.000868354639
3025 -74.9758626294115
3026 -74.950876008552
3027 -74.9259084715053
3028 -74.9009599977522
3029 -74.8760305667974
3030 -74.8511201581767
3031 -74.8262287514523
3032 -74.801356326217
3033 -74.7765028620889
3034 -74.7516683387156
3035 -74.7268527357754
3036 -74.7020560329692
3037 -74.6772782100317
3038 -74.65251924672
3039 -74.6277791228232
3040 -74.6030578181585
3041 -74.5783553125671
3042 -74.5536715859228
3043 -74.5290066181229
3044 -74.5043603890956
3045 -74.4797328787946
3046 -74.4551240672024
3047 -74.430533934328
3048 -74.4059624602099
3049 -74.3814096249117
3050 -74.3568754085262
3051 -74.332359791173
3052 -74.3078627530001
3053 -74.283384274178
3054 -74.2589243349113
3055 -74.234482915428
3056 -74.2100599959838
3057 -74.1856555568613
3058 -74.1612695783718
3059 -74.1369020408505
3060 -74.1125529246624
3061 -74.0882222101985
3062 -74.0639098778776
3063 -74.0396159081423
3064 -74.0153402814657
3065 -73.9910829783436
3066 -73.9668439793056
3067 -73.9426232649
3068 -73.9184208157052
3069 -73.8942366123271
3070 -73.870070635397
3071 -73.8459228655726
3072 -73.8217932835388
3073 -73.7976818700063
3074 -73.7735886057108
3075 -73.7495134714177
3076 -73.7254564479157
3077 -73.7014175160221
3078 -73.6773966565785
3079 -73.653393850453
3080 -73.6294090785404
3081 -73.60544232176
3082 -73.5814935610603
3083 -73.557562777414
3084 -73.5336499518194
3085 -73.5097550652989
3086 -73.4858780989052
3087 -73.4620190337137
3088 -73.438177850826
3089 -73.41435453137
3090 -73.3905490564998
3091 -73.366761407393
3092 -73.3429915652541
3093 -73.3192395113144
3094 -73.295505226829
3095 -73.2717886930794
3096 -73.2480898913711
3097 -73.2244088030375
3098 -73.2007454094368
3099 -73.1770996919495
3100 -73.1534716319845
3101 -73.129861210973
3102 -73.1062684103766
3103 -73.0826932116773
3104 -73.0591355963833
3105 -73.035595546029
3106 -73.0120730421734
3107 -72.9885680663982
3108 -72.9650806003149
3109 -72.9416106255551
3110 -72.9181581237787
3111 -72.8947230766668
3112 -72.8713054659311
3113 -72.8479052732997
3114 -72.824522480533
3115 -72.8011570694139
3116 -72.7778090217468
3117 -72.7544783193638
3118 -72.731164944123
3119 -72.7078688779018
3120 -72.6845901026058
3121 -72.6613286001658
3122 -72.6380843525345
3123 -72.6148573416895
3124 -72.5916475496344
3125 -72.5684549583944
3126 -72.5452795500218
3127 -72.5221213065907
3128 -72.4989802102
3129 -72.475856242974
3130 -72.4527493870589
3131 -72.4296596246274
3132 -72.4065869378746
3133 -72.3835313090193
3134 -72.3604927203045
3135 -72.3374711539986
3136 -72.3144665923922
3137 -72.2914790177994
3138 -72.2685084125603
3139 -72.2455547590351
3140 -72.222618039611
3141 -72.1996982366969
3142 -72.1767953327272
3143 -72.1539093101588
3144 -72.1310401514698
3145 -72.1081878391681
3146 -72.0853523557761
3147 -72.0625336838485
3148 -72.0397318059571
3149 -72.0169467047004
3150 -71.9941783626993
3151 -71.9714267625969
3152 -71.9486918870618
3153 -71.9259737187835
3154 -71.9032722404752
3155 -71.8805874348744
3156 -71.8579192847412
3157 -71.8352677728579
3158 -71.8126328820315
3159 -71.7900145950895
3160 -71.7674128948828
3161 -71.7448277642886
3162 -71.7222591862028
3163 -71.6997071435476
3164 -71.6771716192644
3165 -71.654652596319
3166 -71.6321500577013
3167 -71.6096639864212
3168 -71.5871943655159
3169 -71.5647411780369
3170 -71.5423044070674
3171 -71.5198840357071
3172 -71.4974800470808
3173 -71.4750924243358
3174 -71.45272115064
3175 -71.4303662091864
3176 -71.4080275831875
3177 -71.3857052558793
3178 -71.3633992105217
3179 -71.3411094303933
3180 -71.3188358987982
3181 -71.2965785990624
3182 -71.2743375145306
3183 -71.2521126285744
3184 -71.2299039245852
3185 -71.207711385975
3186 -71.1855349961801
3187 -71.1633747386577
3188 -71.1412305968869
3189 -71.1191025543701
3190 -71.0969905946279
3191 -71.0748947012078
3192 -71.0528148576755
3193 -71.0307510476195
3194 -71.0087032546484
3195 -70.9866714623987
3196 -70.9646556545179
3197 -70.9426558146852
3198 -70.9206719265958
3199 -70.8987039739693
3200 -70.8767519405444
3201 -70.8548158100815
3202 -70.8328955663654
3203 -70.8109911931991
3204 -70.7891026744075
3205 -70.7672299938392
3206 -70.7453731353603
3207 -70.7235320828631
3208 -70.7017068202557
3209 -70.6798973314697
3210 -70.6581036004609
3211 -70.6363256112016
3212 -70.6145633476874
3213 -70.5928167939353
3214 -70.5710859339817
3215 -70.5493707518855
3216 -70.5276712317265
3217 -70.5059873576051
3218 -70.4843191136424
3219 -70.4626664839811
3220 -70.4410294527829
3221 -70.4194080042331
3222 -70.3978021225358
3223 -70.3762117919156
3224 -70.3546369966187
3225 -70.3330777209133
3226 -70.3115339490856
3227 -70.2900056654442
3228 -70.2684928543156
3229 -70.246995500052
3230 -70.225513587022
3231 -70.2040470996156
3232 -70.1825960222414
3233 -70.1611603393334
3234 -70.1397400353417
3235 -70.118335094739
3236 -70.096945502016
3237 -70.0755712416858
3238 -70.0542122982806
3239 -70.0328686563541
3240 -70.0115403004779
3241 -69.990227215247
3242 -69.9689293852732
3243 -69.9476467951912
3244 -69.9263794296531
3245 -69.905127273334
3246 -69.8838903109262
3247 -69.8626685271448
3248 -69.8414619067208
3249 -69.8202704344088
3250 -69.7990940949834
3251 -69.7779328732379
3252 -69.7567867539827
3253 -69.7356557220523
3254 -69.7145397622967
3255 -69.693438859592
3256 -69.672352998828
3257 -69.6512821649158
3258 -69.6302263427875
3259 -69.6091855173933
3260 -69.5881596737052
3261 -69.5671487967113
3262 -69.5461528714207
3263 -69.5251718828637
3264 -69.5042058160881
3265 -69.4832546561623
3266 -69.4623183881719
3267 -69.4413969972238
3268 -69.4204904684461
3269 -69.3995987869808
3270 -69.3787219379945
3271 -69.3578599066693
3272 -69.3370126782087
3273 -69.3161802378356
3274 -69.2953625707883
3275 -69.2745596623306
3276 -69.2537714977404
3277 -69.2329980623161
3278 -69.2122393413739
3279 -69.1914953202533
3280 -69.1707659843058
3281 -69.1500513189094
3282 -69.1293513094551
3283 -69.1086659413571
3284 -69.0879952000434
3285 -69.0673390709672
3286 -69.046697539594
3287 -69.0260705914122
3288 -69.0054582119296
3289 -68.9848603866676
3290 -68.9642771011734
3291 -68.9437083410068
3292 -68.923154091749
3293 -68.9026143389994
3294 -68.8820890683765
3295 -68.8615782655161
3296 -68.8410819160726
3297 -68.8206000057201
3298 -68.8001325201506
3299 -68.7796794450735
3300 -68.7592407662182
3301 -68.7388164693312
3302 -68.7184065401784
3303 -68.698010964543
3304 -68.6776297282281
3305 -68.6572628170506
3306 -68.6369102168528
3307 -68.6165719134882
3308 -68.5962478928319
3309 -68.5759381407795
3310 -68.5556426432387
3311 -68.5353613861404
3312 -68.5150943554307
3313 -68.494841537073
3314 -68.4746029170562
3315 -68.4543784813754
3316 -68.4341682160523
3317 -68.4139721071221
3318 -68.3937901406407
3319 -68.373622302681
3320 -68.3534685793325
3321 -68.3333289567049
3322 -68.313203420923
3323 -68.2930919581297
3324 -68.2729945544882
3325 -68.252911196177
3326 -68.2328418693929
3327 -68.2127865603497
3328 -68.1927452552801
3329 -68.1727179404345
3330 -68.1527046020783
3331 -68.1327052264977
3332 -68.1127197999939
3333 -68.0927483088872
3334 -68.0727907395142
3335 -68.0528470782305
3336 -68.0329173114058
3337 -68.0130014254318
3338 -67.9930994067154
3339 -67.9732112416773
3340 -67.9533369167602
3341 -67.9334764184243
3342 -67.9136297331438
3343 -67.8937968474126
3344 -67.8739777477387
3345 -67.8541724206522
3346 -67.834380852695
3347 -67.8146030304294
3348 -67.7948389404342
3349 -67.7750885693055
3350 -67.7553519036532
3351 -67.7356289301109
3352 -67.715919635322
3353 -67.6962240059522
3354 -67.6765420286799
3355 -67.6568736902032
3356 -67.6372189772377
3357 -67.6175778765127
3358 -67.5979503747743
3359 -67.5783364587924
3360 -67.5587361153431
3361 -67.5391493312274
3362 -67.5195760932595
3363 -67.5000163882706
3364 -67.4804702031088
3365 -67.4609375246392
3366 -67.4414183397443
3367 -67.4219126353187
3368 -67.4024203982791
3369 -67.3829416155583
3370 -67.3634762741023
3371 -67.3440243608737
3372 -67.3245858628537
3373 -67.3051607670406
3374 -67.2857490604479
3375 -67.2663507301035
3376 -67.2469657630553
3377 -67.2275941463645
3378 -67.2082358671104
3379 -67.1888909123869
3380 -67.1695592693063
3381 -67.1502409249956
3382 -67.1309358666001
3383 -67.1116440812775
3384 -67.092365556206
3385 -67.073100278575
3386 -67.0538482355941
3387 -67.0346094144892
3388 -67.0153838024973
3389 -66.9961713868792
3390 -66.9769721549047
3391 -66.9577860938617
3392 -66.9386131910565
3393 -66.9194534338077
3394 -66.900306809454
3395 -66.8811733053445
3396 -66.8620529088503
3397 -66.8429456073512
3398 -66.8238513882514
3399 -66.8047702389633
3400 -66.7857021469197
3401 -66.7666470995667
3402 -66.747605084368
3403 -66.7285760888025
3404 -66.7095601003613
3405 -66.6905571065572
3406 -66.6715670949142
3407 -66.6525900529732
3408 -66.6336259682919
3409 -66.6146748284403
3410 -66.5957366210088
3411 -66.5768113335979
3412 -66.5578989538291
3413 -66.5389994693325
3414 -66.5201128677615
3415 -66.5012391367787
3416 -66.4823782640659
3417 -66.4635302373176
3418 -66.4446950442451
3419 -66.4258726725761
3420 -66.4070631100514
3421 -66.3882663444261
3422 -66.3694823634755
3423 -66.3507111549841
3424 -66.3319527067587
3425 -66.3132070066131
3426 -66.2944740423815
3427 -66.2757538019121
3428 -66.2570462730674
3429 -66.2383514437297
3430 -66.2196693017856
3431 -66.2009998351503
3432 -66.182343031742
3433 -66.1636988795034
3434 -66.1450673663853
3435 -66.1264484803569
3436 -66.1078422094001
3437 -66.0892485415161
3438 -66.0706674647159
3439 -66.0520989670285
3440 -66.0335430364966
3441 -66.0149996611773
3442 -65.9964688291431
3443 -65.9779505284824
3444 -65.9594447472962
3445 -65.9409514737015
3446 -65.922470695829
3447 -65.9040024018266
3448 -65.8855465798546
3449 -65.8671032180873
3450 -65.8486723047172
3451 -65.830253827945
3452 -65.8118477759936
3453 -65.7934541370959
3454 -65.7750728994991
3455 -65.7567040514678
3456 -65.7383475812782
3457 -65.7200034772232
3458 -65.7016717276078
3459 -65.683352320753
3460 -65.665045244995
3461 -65.6467504886825
3462 -65.62846804018
3463 -65.6101978878645
3464 -65.5919400201301
3465 -65.5736944253824
3466 -65.5554610920433
3467 -65.5372400085479
3468 -65.5190311633453
3469 -65.5008345448996
3470 -65.4826501416901
3471 -65.4644779422071
3472 -65.4463179349594
3473 -65.4281701084647
3474 -65.4100344512594
3475 -65.3919109518915
3476 -65.3737995989238
3477 -65.355700380932
3478 -65.3376132865096
3479 -65.3195383042603
3480 -65.3014754228014
3481 -65.2834246307667
3482 -65.2653859168038
3483 -65.2473592695721
3484 -65.2293446777467
3485 -65.2113421300156
3486 -65.1933516150815
3487 -65.1753731216589
3488 -65.1574066384812
3489 -65.1394521542884
3490 -65.1215096578408
3491 -65.1035791379076
3492 -65.0856605832757
3493 -65.0677539827412
3494 -65.0498593251201
3495 -65.0319765992344
3496 -65.0141057939274
3497 -64.9962468980503
3498 -64.9783999004699
3499 -64.9605647900696
3500 -64.9427415557397
3501 -64.9249301863908
3502 -64.9071306709419
3503 -64.8893429983299
3504 -64.8715671575013
3505 -64.8538031374185
3506 -64.8360509270572
3507 -64.8183105154047
3508 -64.8005818914638
3509 -64.7828650442501
3510 -64.7651599627924
3511 -64.747466636132
3512 -64.729785053326
3513 -64.7121152034407
3514 -64.6944570755606
3515 -64.6768106587801
3516 -64.659175942207
3517 -64.6415529149641
3518 -64.6239415661868
3519 -64.6063418850218
3520 -64.5887538606318
3521 -64.5711774821932
3522 -64.5536127388882
3523 -64.5360596199238
3524 -64.5185181145105
3525 -64.5009882118762
3526 -64.4834699012601
3527 -64.4659631719172
3528 -64.4484680131117
3529 -64.4309844141242
3530 -64.4135123642468
3531 -64.396051852783
3532 -64.3786028690523
3533 -64.3611654023861
3534 -64.3437394421276
3535 -64.3263249776323
3536 -64.3089219982729
3537 -64.2915304934302
3538 -64.2741504524985
3539 -64.2567818648875
3540 -64.239424720018
3541 -64.2220790073226
3542 -64.2047447162491
3543 -64.1874218362559
3544 -64.1701103568166
3545 -64.1528102674135
3546 -64.1355215575452
3547 -64.118244216722
3548 -64.1009782344644
3549 -64.083723600312
3550 -64.0664803038083
3551 -64.0492483345163
3552 -64.0320276820071
3553 -64.014818335869
3554 -63.9976202856975
3555 -63.9804335211045
3556 -63.9632580317145
3557 -63.9460938071611
3558 -63.9289408370923
3559 -63.9117991111709
3560 -63.8946686190666
3561 -63.8775493504673
3562 -63.8604412950698
3563 -63.8433444425844
3564 -63.8262587827357
3565 -63.8091843052549
3566 -63.7921209998905
3567 -63.7750688564028
3568 -63.7580278645633
3569 -63.7409980141551
3570 -63.7239792949753
3571 -63.7069716968319
3572 -63.6899752095464
3573 -63.6729898229502
3574 -63.6560155268905
3575 -63.6390523112221
3576 -63.6221001658162
3577 -63.6051590805541
3578 -63.5882290453274
3579 -63.5713100500446
3580 -63.5544020846217
3581 -63.5375051389889
3582 -63.5206192030881
3583 -63.5037442668722
3584 -63.4868803203094
3585 -63.4700273533745
3586 -63.45318535606
3587 -63.436354318366
3588 -63.4195342303066
3589 -63.4027250819073
3590 -63.3859268632057
3591 -63.36913956425
3592 -63.3523631751038
3593 -63.3355976858386
3594 -63.3188430865398
3595 -63.3020993673032
3596 -63.2853665182373
3597 -63.2686445294642
3598 -63.2519333911141
3599 -63.2352330933314
3600 -63.2185436262722
3601 -63.2018649801019
3602 -63.1851971449999
3603 -63.1685401111588
3604 -63.1518938687788
3605 -63.1352584080743
3606 -63.1186337192698
3607 -63.1020197926055
3608 -63.085416618324
3609 -63.0688241866923
3610 -63.0522424879785
3611 -63.0356715124667
3612 -63.0191112504529
3613 -63.0025616922404
3614 -62.9860228281497
3615 -62.96949464851
3616 -62.95297714366
3617 -62.9364703039535
3618 -62.9199741197544
3619 -62.9034885814383
3620 -62.8870136793905
3621 -62.8705494040065
3622 -62.8540957457003
3623 -62.8376526948887
3624 -62.8212202420057
3625 -62.804798377494
3626 -62.7883870918072
3627 -62.7719863754107
3628 -62.7555962187836
3629 -62.7392166124107
3630 -62.7228475467942
3631 -62.7064890124436
3632 -62.6901409998823
3633 -62.6738034996414
3634 -62.6574765022656
3635 -62.641159998311
3636 -62.6248539783432
3637 -62.6085584329405
3638 -62.5922733526894
3639 -62.5759987281936
3640 -62.5597345500604
3641 -62.5434808089138
3642 -62.5272374953844
3643 -62.5110046001203
3644 -62.4947821137714
3645 -62.4785700270072
3646 -62.4623683305026
3647 -62.4461770149468
3648 -62.4299960710384
3649 -62.413825489485
3650 -62.397665261011
3651 -62.3815153763456
3652 -62.3653758262307
3653 -62.3492466014218
3654 -62.3331276926806
3655 -62.3170190907824
3656 -62.3009207865149
3657 -62.284832770672
3658 -62.2687550340636
3659 -62.2526875675062
3660 -62.2366303618284
3661 -62.2205834078712
3662 -62.204546696485
3663 -62.1885202185288
3664 -62.1725039648759
3665 -62.1564979264085
3666 -62.1405020940193
3667 -62.1245164586134
3668 -62.1085410111039
3669 -62.0925757424148
3670 -62.076620643484
3671 -62.0606757052563
3672 -62.0447409186883
3673 -62.0288162747482
3674 -62.0129017644126
3675 -61.9969973786718
3676 -61.9811031085219
3677 -61.9652189449752
3678 -61.9493448790494
3679 -61.9334809017767
3680 -61.9176270041953
3681 -61.9017831773589
3682 -61.885949412328
3683 -61.8701257001741
3684 -61.8543120319828
3685 -61.8385083988414
3686 -61.8227147918572
3687 -61.8069312021437
3688 -61.791157620823
3689 -61.7753940390306
3690 -61.7596404479096
3691 -61.743896838617
3692 -61.7281632023153
3693 -61.7124395301806
3694 -61.6967258134
3695 -61.6810220431683
3696 -61.6653282106905
3697 -61.649644307185
3698 -61.6339703238765
3699 -61.6183062520016
3700 -61.6026520828075
3701 -61.5870078075519
3702 -61.5713734175002
3703 -61.5557489039317
3704 -61.5401342581304
3705 -61.5245294713966
3706 -61.5089345350377
3707 -61.4933494403685
3708 -61.4777741787189
3709 -61.4622087414262
3710 -61.4466531198372
3711 -61.4311073053094
3712 -61.4155712892124
3713 -61.4000450629196
3714 -61.3845286178218
3715 -61.3690219453167
3716 -61.3535250368101
3717 -61.3380378837192
3718 -61.3225604774721
3719 -61.3070928095063
3720 -61.2916348712672
3721 -61.2761866542122
3722 -61.2607481498094
3723 -61.2453193495344
3724 -61.229900244872
3725 -61.2144908273202
3726 -61.1990910883861
3727 -61.1837010195835
3728 -61.1683206124365
3729 -61.1529498584823
3730 -61.137588749267
3731 -61.1222372763435
3732 -61.1068954312768
3733 -61.0915632056398
3734 -61.076240591019
3735 -61.0609275790065
3736 -61.0456241612037
3737 -61.0303303292255
3738 -61.0150460746951
3739 -60.9997713892416
3740 -60.9845062645094
3741 -60.9692506921475
3742 -60.9540046638195
3743 -60.9387681711923
3744 -60.9235412059492
3745 -60.9083237597764
3746 -60.8931158243752
3747 -60.8779173914534
3748 -60.8627284527291
3749 -60.8475489999303
3750 -60.8323790247929
3751 -60.8172185190638
3752 -60.8020674744986
3753 -60.7869258828621
3754 -60.7717937359297
3755 -60.7566710254866
3756 -60.7415577433256
3757 -60.7264538812477
3758 -60.711359431067
3759 -60.6962743846041
3760 -60.6811987336917
3761 -60.6661324701667
3762 -60.6510755858823
3763 -60.6360280726958
3764 -60.6209899224746
3765 -60.6059611270975
3766 -60.5909416784508
3767 -60.5759315684296
3768 -60.5609307889398
3769 -60.5459393318961
3770 -60.5309571892207
3771 -60.5159843528472
3772 -60.5010208147188
3773 -60.4860665667853
3774 -60.4711216010069
3775 -60.4561859093534
3776 -60.4412594838036
3777 -60.426342316346
3778 -60.4114343989754
3779 -60.3965357236992
3780 -60.3816462825318
3781 -60.3667660674957
3782 -60.351895070628
3783 -60.3370332839685
3784 -60.3221806995687
3785 -60.3073373094878
3786 -60.2925031057951
3787 -60.2776780805717
3788 -60.2628622259011
3789 -60.2480555338818
3790 -60.2332579966178
3791 -60.2184696062234
3792 -60.2036903548235
3793 -60.1889202345469
3794 -60.1741592375356
3795 -60.1594073559395
3796 -60.1446645819177
3797 -60.1299309076371
3798 -60.1152063252747
3799 -60.100490827016
3800 -60.0857844050524
3801 -60.0710870515897
3802 -60.0563987588388
3803 -60.0417195190187
3804 -60.0270493243607
3805 -60.012388167102
3806 -59.9977360394888
3807 -59.9830929337771
3808 -59.9684588422318
3809 -59.953833757124
3810 -59.939217670738
3811 -59.9246105753615
3812 -59.9100124632962
3813 -59.8954233268482
3814 -59.8808431583338
3815 -59.8662719500796
3816 -59.8517096944178
3817 -59.8371563836908
3818 -59.8226120102509
3819 -59.8080765664579
3820 -59.7935500446773
3821 -59.7790324372876
3822 -59.7645237366744
3823 -59.7500239352319
3824 -59.7355330253615
3825 -59.7210509994742
3826 -59.7065778499901
3827 -59.6921135693367
3828 -59.6776581499508
3829 -59.6632115842773
3830 -59.6487738647704
3831 -59.6343449838906
3832 -59.6199249341091
3833 -59.6055137079048
3834 -59.5911112977643
3835 -59.576717696184
3836 -59.5623328956686
3837 -59.5479568887299
3838 -59.5335896678876
3839 -59.519231225672
3840 -59.5048815546211
3841 -59.4905406472805
3842 -59.4762084962025
3843 -59.4618850939536
3844 -59.4475704331023
3845 -59.4332645062292
3846 -59.41896730592
3847 -59.4046788247714
3848 -59.390399055388
3849 -59.3761279903798
3850 -59.3618656223702
3851 -59.3476119439875
3852 -59.3333669478685
3853 -59.3191306266575
3854 -59.3049029730087
3855 -59.2906839795845
3856 -59.2764736390526
3857 -59.262271944093
3858 -59.2480788873912
3859 -59.2338944616419
3860 -59.2197186595465
3861 -59.2055514738167
3862 -59.1913928971704
3863 -59.177242922335
3864 -59.1631015420449
3865 -59.1489687490426
3866 -59.13484453608
3867 -59.1207288959163
3868 -59.1066218213173
3869 -59.0925233050595
3870 -59.0784333399267
3871 -59.0643519187096
3872 -59.0502790342047
3873 -59.0362146792225
3874 -59.0221588465765
3875 -59.008111529092
3876 -58.9940727195963
3877 -58.9800424109316
3878 -58.966020595945
3879 -58.9520072674891
3880 -58.9380024184286
3881 -58.924006041635
3882 -58.9100181299832
3883 -58.8960386763639
3884 -58.882067673669
3885 -58.8681051148025
3886 -58.854150992673
3887 -58.8402053001986
3888 -58.8262680303065
3889 -58.81233917593
3890 -58.7984187300082
3891 -58.7845066854934
3892 -58.7706030353413
3893 -58.7567077725158
3894 -58.742820889991
3895 -58.7289423807465
3896 -58.7150722377705
3897 -58.7012104540587
3898 -58.6873570226145
3899 -58.6735119364504
3900 -58.6596751885834
3901 -58.6458467720403
3902 -58.6320266798579
3903 -58.6182149050764
3904 -58.6044114407446
3905 -58.5906162799215
3906 -58.5768294156718
3907 -58.5630508410677
3908 -58.5492805491879
3909 -58.5355185331236
3910 -58.5217647859675
3911 -58.5080193008236
3912 -58.4942820708037
3913 -58.480553089023
3914 -58.4668323486103
3915 -58.4531198426979
3916 -58.4394155644262
3917 -58.4257195069428
3918 -58.4120316634054
3919 -58.398352026977
3920 -58.3846805908273
3921 -58.3710173481362
3922 -58.3573622920882
3923 -58.3437154158782
3924 -58.3300767127045
3925 -58.3164461757778
3926 -58.3028237983136
3927 -58.2892095735341
3928 -58.2756034946703
3929 -58.2620055549599
3930 -58.2484157476484
3931 -58.2348340659877
3932 -58.221260503241
3933 -58.2076950526714
3934 -58.1941377075568
3935 -58.1805884611779
3936 -58.1670473068266
3937 -58.1535142377975
3938 -58.1399892473942
3939 -58.1264723289309
3940 -58.1129634757245
3941 -58.0994626811013
3942 -58.085969938395
3943 -58.0724852409463
3944 -58.0590085821043
3945 -58.0455399552216
3946 -58.0320793536621
3947 -58.0186267707959
3948 -58.0051821999988
3949 -57.9917456346565
3950 -57.9783170681583
3951 -57.9648964939038
3952 -57.9514839052982
3953 -57.9380792957564
3954 -57.9246826586964
3955 -57.9112939875445
3956 -57.8979132757364
3957 -57.8845405167152
3958 -57.8711757039255
3959 -57.8578188308266
3960 -57.8444698908795
3961 -57.8311288775553
3962 -57.8177957843291
3963 -57.8044706046884
3964 -57.7911533321206
3965 -57.7778439601258
3966 -57.76454248221
3967 -57.7512488918837
3968 -57.7379631826667
3969 -57.7246853480875
3970 -57.7114153816772
3971 -57.6981532769764
3972 -57.6848990275334
3973 -57.6716526269026
3974 -57.658414068643
3975 -57.6451833463281
3976 -57.6319604535286
3977 -57.6187453838269
3978 -57.6055381308139
3979 -57.5923386880873
3980 -57.5791470492462
3981 -57.5659632079032
3982 -57.5527871576747
3983 -57.5396188921841
3984 -57.5264584050622
3985 -57.5133056899461
3986 -57.5001607404799
3987 -57.4870235503164
3988 -57.4738941131126
3989 -57.4607724225364
3990 -57.4476584722533
3991 -57.4345522559467
3992 -57.4214537673003
3993 -57.4083630000082
3994 -57.395279947767
3995 -57.3822046042836
3996 -57.3691369632709
3997 -57.3560770184476
3998 -57.3430247635396
3999 -57.3299801922812
4000 -57.3169432984103
