0 3231.83386013498
1 3231.85230761328
2 3231.90765167665
3 3231.99989721079
4 3232.12905235966
5 3232.29512852727
6 3232.49814038009
7 3232.7381058501
8 3233.01504613871
9 3233.32898572122
10 3233.67995235204
11 3234.06797707061
12 3234.49309420801
13 3234.9553413943
14 3235.45475956655
15 3235.99139297759
16 3236.56528920545
17 3237.17649916355
18 3237.82507711163
19 3238.51108066735
20 3239.23457081864
21 3239.99561193684
22 3240.79427179051
23 3241.63062156002
24 3242.50473585288
25 3243.41669271988
26 3244.36657367187
27 3245.35446369748
28 3246.38045128147
29 3247.44462842395
30 3248.54709066037
31 3249.68793708227
32 3250.86727035895
33 3252.08519675981
34 3253.34182617763
35 3254.63727215264
36 3255.97165189743
37 3257.34508632273
38 3258.75770006404
39 3260.20962150916
40 3261.70098282657
41 3263.23191999475
42 3264.80257283235
43 3266.41308502937
44 3268.06360417918
45 3269.75428181154
46 3271.48527342658
47 3273.25673852973
48 3275.06884066767
49 3276.92174746522
50 3278.81563066336
51 3280.75066615816
52 3282.72703404085
53 3284.74491863887
54 3286.80450855815
55 3288.9059967263
56 3291.04958043707
57 3293.23546139585
58 3295.46384576643
59 3297.73494421883
60 3300.04897197835
61 3302.40614887593
62 3304.80669939961
63 3307.25085274735
64 3309.73884288107
65 3312.27090858209
66 3314.84729350775
67 3317.46824624955
68 3320.13402039253
69 3322.84487457617
70 3325.60107255662
71 3328.40288327048
72 3331.25058089998
73 3334.14444493981
74 3337.0847602653
75 3340.07181720237
76 3343.10591159897
77 3346.18734489822
78 3349.31642421315
79 3352.49346240328
80 3355.71877815277
81 3358.99269605051
82 3362.3155466719
83 3365.68766666256
84 3369.10939882392
85 3372.5810922007
86 3376.10310217039
87 3379.67579053476
88 3383.2995256134
89 3386.97468233939
90 3390.70164235706
91 3394.48079412201
92 3398.31253300335
93 3402.1972613882
94 3406.13538878858
95 3410.12733195063
96 3414.17351496638
97 3418.27436938789
98 3422.43033434405
99 3426.64185665997
100 3430.90939097899
101 3435.23339988754
102 3439.61435404264
103 3444.05273230246
104 3448.54902185961
105 3453.10371837757
106 3457.71732613012
107 3462.39035814392
108 3467.12333634433
109 3471.91679170446
110 3476.77126439766
111 3481.68730395338
112 3486.66546941662
113 3491.70632951094
114 3496.81046280523
115 3501.97845788419
116 3507.21091352274
117 3512.50843886445
118 3517.87165360388
119 3523.30118817328
120 3528.79768393342
121 3534.3617933689
122 3539.99418028781
123 3545.69552002616
124 3551.46649965685
125 3557.30781820359
126 3563.22018685968
127 3569.20432921189
128 3575.26098146961
129 3581.39089269913
130 3587.59482506364
131 3593.87355406862
132 3600.22786881304
133 3606.65857224652
134 3613.16648143239
135 3619.75242781705
136 3626.41725750566
137 3633.16183154428
138 3639.98702620876
139 3646.89373330045
140 3653.88286044898
141 3660.95533142217
142 3668.11208644342
143 3675.35408251666
144 3682.68229375906
145 3690.09771174181
146 3697.60134583902
147 3705.19422358508
148 3712.87739104067
149 3720.65191316757
150 3728.51887421268
151 3736.47937810124
152 3744.5345488398
153 3752.68553092885
154 3760.93348978571
155 3769.27961217771
156 3777.72510666599
157 3786.27120406034
158 3794.91915788508
159 3803.67024485668
160 3812.52576537302
161 3821.48704401487
162 3830.55543005984
163 3839.73229800911
164 3849.01904812733
165 3858.41710699596
166 3867.92792808051
167 3877.55299231199
168 3887.29380868297
169 3897.15191485861
170 3907.12887780314
171 3917.22629442205
172 3927.44579222064
173 3937.78902997911
174 3948.25769844481
175 3958.85352104206
176 3969.57825459994
177 3980.43369009863
178 3991.42165343471
179 4002.54400620599
180 4013.80264651625
181 4025.19950980061
182 4036.73656967187
183 4048.41583878851
184 4060.23936974484
185 4072.20925598387
186 4084.3276327335
187 4096.59667796661
188 4109.01861338569
189 4121.5957054326
190 4134.33026632401
191 4147.22465511334
192 4160.28127877968
193 4173.50259334437
194 4186.89110501601
195 4200.44937136446
196 4214.18000252456
197 4228.08566243023
198 4242.16907007968
199 4256.4330008324
200 4270.8802877386
201 4285.51382290188
202 4300.33655887572
203 4315.35151009458
204 4330.56175434024
205 4345.97043424408
206 4361.580758826
207 4377.39600507057
208 4393.4195195411
209 4409.6547200323
210 4426.10509726193
211 4442.77421660231
212 4459.66571985189
213 4476.78332704764
214 4494.13083831854
215 4511.71213578059
216 4529.53118547367
217 4547.59203934061
218 4565.89883724835
219 4584.45580905166
220 4603.26727669906
221 4622.33765638099
222 4641.67146071991
223 4661.27330100189
224 4681.14788944922
225 4701.30004153306
226 4721.73467832549
227 4742.45682888944
228 4763.47163270536
229 4784.78434213273
230 4806.40032490442
231 4828.32506665167
232 4850.56417345682
233 4873.12337443064
234 4896.00852431082
235 4919.22560607725
236 4942.78073357965
237 4966.68015417207
238 4990.93025134837
239 5015.537547372
240 5040.50870589229
241 5065.85053453903
242 5091.56998748567
243 5117.67416797064
244 5144.17033076482
245 5171.06588457214
246 5198.3683943485
247 5226.08558352291
248 5254.22533610241
249 5282.79569864106
250 5311.80488205053
251 5341.26126322763
252 5371.17338647157
253 5401.54996466069
254 5432.3998801553
255 5463.73218538965
256 5495.55610311232
257 5527.88102623002
258 5560.71651720494
259 5594.07230695096
260 5627.95829316806
261 5662.38453804818
262 5697.36126527893
263 5732.89885626394
264 5769.00784547028
265 5805.69891480443
266 5842.98288690791
267 5880.87071725299
268 5919.37348490631
269 5958.50238181509
270 5998.26870045581
271 6038.68381966884
272 6079.75918848492
273 6121.50630772939
274 6163.93670916863
275 6207.06193193947
276 6250.89349597581
277 6295.44287211831
278 6340.72144856106
279 6386.7404932546
280 6433.51111184619
281 6481.04420069655
282 6529.35039446595
283 6578.44000771219
284 6628.32296988739
285 6679.00875305977
286 6730.50629162019
287 6782.82389316008
288 6835.96913962819
289 6889.9487777861
290 6944.76859788826
291 7000.43329940841
292 7056.94634252257
293 7114.30978393643
294 7172.52409551363
295 7231.58796401837
296 7291.49807013299
297 7352.24884474592
298 7413.83220032984
299 7476.23723504227
300 7539.44990698243
301 7603.45267582999
302 7668.22410887327
303 7733.73844820959
304 7799.96513567078
305 7866.86829179533
306 7934.40614494052
307 8002.53040640891
308 8071.18558726071
309 8140.30825230788
310 8209.82620664796
311 8279.65761001211
312 8349.71001419059
313 8419.87931888307
314 8490.04864152866
315 8560.08709703472
316 8629.84848388446
317 8699.16987390837
318 8767.87010410941
319 8835.74817040131
320 8902.58152502787
321 8968.12428186312
322 9032.10533684328
323 9094.22641455517
324 9154.16005661531
325 9211.54757303768
326 9265.99698442487
327 9317.08099064201
328 9364.33501074523
329 9407.25534941017
330 9445.29755697277
331 9477.87506342116
332 9504.35818114218
333 9524.07358668835
334 9536.30440789052
335 9540.29105870703
336 9535.23297943812
337 9520.29145323892
338 9494.5936798166
339 9457.23829205394
340 9407.30249899714
341 9343.85102684034
342 9265.94700570557
343 9172.66491160681
344 9063.10561765166
345 8936.41353445076
346 8791.79572595715
347 8628.54277399237
348 8446.05103481657
349 8243.84578881715
350 8021.60463686563
351 7779.18035394091
352 7516.62228451173
353 7234.19526898206
354 6932.39504099637
355 6611.95904546546
356 6273.8717079301
357 5919.363343645
358 5549.90212921575
359 5167.17886249105
360 4773.08459108005
361 4369.68157211295
362 3959.16840584676
363 3543.84053105705
364 3126.04754970399
365 2708.14903614797
366 2292.47056482578
367 1881.26165327793
368 1476.65716990872
369 1080.64351381969
370 695.030561914116
371 321.430025746898
372 -38.7595018517629
373 -384.360873934916
374 -714.420455177612
375 -1028.20453336849
376 -1325.19085841072
377 -1605.05619571666
378 -1867.66082098079
379 -2113.03086727895
380 -2341.33937486321
381 -2552.88680150473
382 -2748.08163904934
383 -2927.42166090353
384 -3091.47620444036
385 -3240.86977858649
386 -3376.26718475377
387 -3498.36025149789
388 -3607.85621091069
389 -3705.46768763101
390 -3791.90422847376
391 -3867.86527046423
392 -3934.034425678
393 -3991.07495080482
394 -4039.62626592301
395 -4080.30138889601
396 -4113.68515760493
397 -4140.33312066393
398 -4160.77098731508
399 -4175.49453806765
400 -4184.96990872754
401 -4189.63417131365
402 -4189.89614567282
403 -4186.13738518573
404 -4178.71328869013
405 -4167.95429858591
406 -4154.16715202684
407 -4137.63615817604
408 -4118.62447975988
409 -4097.37540166062
410 -4074.11357311541
411 -4049.04621330968
412 -4022.36427283956
413 -3994.2435457381
414 -3964.84572857752
415 -3934.31942463217
416 -3902.80109226572
417 -3870.4159376376
418 -3837.27875254764
419 -3803.49469878956
420 -3769.16004079314
421 -3734.36282862752
422 -3699.18353363625
423 -3663.69563909581
424 -3627.96618835081
425 -3592.05629289165
426 -3556.02160281647
427 -3519.91274206684
428 -3483.77571075305
429 -3447.65225679651
430 -3411.58021901746
431 -3375.59384369092
432 -3339.72407648448
433 -3303.99883158127
434 -3268.44323968204
435 -3233.07987647227
436 -3197.92897303638
437 -3163.00860960003
438 -3128.33489388556
439 -3093.9221252742
440 -3059.78294588188
441 -3025.92847957427
442 -2992.36845986971
443 -2959.11134760713
444 -2926.16443918917
445 -2893.53396614805
446 -2861.22518672389
447 -2829.24247009126
448 -2797.58937381963
449 -2766.26871510751
450 -2735.28263628675
451 -2704.63266505466
452 -2674.31976985444
453 -2644.34441079139
454 -2614.70658644099
455 -2585.4058768765
456 -2556.44148321754
457 -2527.81226397678
458 -2499.51676845972
459 -2471.55326745195
460 -2443.91978140959
461 -2416.61410635128
462 -2389.63383763398
463 -2362.9763917807
464 -2336.63902651415
465 -2310.61885913868
466 -2284.91288340098
467 -2259.51798494993
468 -2234.43095550615
469 -2209.64850584326
470 -2185.16727767455
471 -2160.9838545314
472 -2137.09477171299
473 -2113.49652538052
474 -2090.18558086336
475 -2067.15838023925
476 -2044.41134924588
477 -2021.94090357643
478 -1999.74345460788
479 -1977.81541460674
480 -1956.15320145357
481 -1934.75324292438
482 -1913.61198056402
483 -1892.72587318391
484 -1872.09140001402
485 -1851.70506353668
486 -1831.56339202751
487 -1811.66294182712
488 -1792.00029936502
489 -1772.57208295583
490 -1753.37494438622
491 -1734.40557030949
492 -1715.66068346366
493 -1697.13704372732
494 -1678.83144902686
495 -1660.74073610733
496 -1642.86178117821
497 -1625.19150044488
498 -1607.72685053521
499 -1590.46482883049
500 -1573.40247370879
501 -1556.53686470853
502 -1539.8651226192
503 -1523.38440950583
504 -1507.09192867316
505 -1490.9849245751
506 -1475.0606826745
507 -1459.3165292581
508 -1443.74983121089
509 -1428.35799575389
510 -1413.13847014914
511 -1398.08874137525
512 -1383.20633577661
513 -1368.48881868924
514 -1353.93379404589
515 -1339.53890396286
516 -1325.30182831079
517 -1311.22028427145
518 -1297.29202588257
519 -1283.51484357227
520 -1269.88656368488
521 -1256.40504799949
522 -1243.06819324264
523 -1229.87393059642
524 -1216.82022520302
525 -1203.90507566687
526 -1191.12651355525
527 -1178.4826028982
528 -1165.97143968865
529 -1153.59115138333
530 -1141.33989640525
531 -1129.21586364814
532 -1117.21727198367
533 -1105.34236977165
534 -1093.58943437378
535 -1081.95677167141
536 -1070.44271558743
537 -1059.04562761283
538 -1047.76389633812
539 -1036.59593698979
540 -1025.54019097212
541 -1014.59512541449
542 -1003.75923272433
543 -993.031030145911
544 -982.409059324992
545 -971.89188587955
546 -961.478098976562
547 -951.166310914983
548 -940.9551567149
549 -930.843293712987
550 -920.829401164158
551 -910.912179849596
552 -901.090351690979
553 -891.362659371045
554 -881.727865960393
555 -872.184754550522
556 -862.732127893081
557 -853.368808045284
558 -844.093636021449
559 -834.905471450609
560 -825.80319224015
561 -816.785694245399
562 -807.851890945141
563 -799.000713122941
564 -790.231108554251
565 -781.542041699227
566 -772.932493401138
567 -764.401460590374
568 -755.947955993886
569 -747.571007850059
570 -739.269659628874
571 -731.042969757345
572 -722.890011350088
573 -714.809871944986
574 -706.801653243842
575 -698.864470857967
576 -690.997454058588
577 -683.199745532018
578 -675.470501139501
579 -667.80888968166
580 -660.21409266743
581 -652.685304087469
582 -645.221730191872
583 -637.822589272219
584 -630.487111447766
585 -623.214538455792
586 -616.004123445979
587 -608.855130778762
588 -601.766835827574
589 -594.738524784911
590 -587.769494472143
591 -580.859052153009
592 -574.0065153507
593 -567.211211668505
594 -560.472478613894
595 -553.789663426016
596 -547.16212290653
597 -540.589223253701
598 -534.070339899689
599 -527.604857350986
600 -521.192169031934
601 -514.831677131246
602 -508.522792451482
603 -502.264934261433
604 -496.057530151331
605 -489.900015890844
606 -483.791835289792
607 -477.732440061536
608 -471.72128968898
609 -465.757851293132
610 -459.841599504189
611 -453.972016335057
612 -448.148591057317
613 -442.370820079504
614 -436.638206827736
615 -430.950261628607
616 -425.306501594271
617 -419.706450509735
618 -414.149638722245
619 -408.635603032801
620 -403.16388658968
621 -397.734038783979
622 -392.345615147111
623 -386.998177250234
624 -381.69129260555
625 -376.424534569461
626 -371.197482247509
627 -366.009720401118
628 -360.860839356039
629 -355.750434912518
630 -350.678108257108
631 -345.643465876127
632 -340.646119470703
633 -335.685685873381
634 -330.761786966293
635 -325.874049600775
636 -321.022105518509
637 -316.205591274076
638 -311.424148158937
639 -306.677422126789
640 -301.965063720277
641 -297.286727999049
642 -292.642074469102
643 -288.030767013393
644 -283.452473823728
645 -278.906867333868
646 -274.393624153809
647 -269.912425005282
648 -265.462954658382
649 -261.04490186932
650 -256.657959319314
651 -252.301823554536
652 -247.976194927135
653 -243.680777537308
654 -239.415279176396
655 -235.179411270965
656 -230.972888827893
657 -226.795430380405
658 -222.646757935058
659 -218.526596919657
660 -214.434676132068
661 -210.370727689934
662 -206.334486981258
663 -202.325692615833
664 -198.344086377536
665 -194.389413177413
666 -190.461421007601
667 -186.559860896016
668 -182.684486861847
669 -178.835055871771
670 -175.011327796954
671 -171.213065370769
672 -167.440034147203
673 -163.692002460042
674 -159.968741382659
675 -156.270024688537
676 -152.595628812454
677 -148.945332812289
678 -145.318918331493
679 -141.716169562181
680 -138.136873208844
681 -134.580818452666
682 -131.047796916406
683 -127.537602629909
684 -124.050031996158
685 -120.584883757882
686 -117.141958964739
687 -113.721060941006
688 -110.321995253831
689 -106.944569681974
690 -103.588594185085
691 -100.253880873466
692 -96.9402439783222
693 -93.6474998225082
694 -90.3754667917405
695 -87.1239653062698
696 -83.8928177930164
697 -80.6818486581507
698 -77.4908842601203
699 -74.319752883091
700 -71.1682847108232
701 -68.0363118009751
702 -64.9236680597922
703 -61.8301892172154
704 -58.7557128023579
705 -55.7000781194166
706 -52.6631262239116
707 -49.6446998993212
708 -46.6446436340955
709 -43.6628035990099
710 -40.6990276248711
711 -37.7531651805899
712 -34.8250673515747
713 -31.9145868184805
714 -29.0215778362553
715 -26.1458962135431
716 -23.2873992923925
717 -20.4459459282513
718 -17.6213964703313
719 -14.8136127421873
720 -12.0224580226793
721 -9.24779702716421
722 -6.48949588897779
723 -3.74742214125695
724 -1.02144469894893
725 1.68856615883897
726 4.38273880625798
727 7.06120028785733
728 9.72407633548471
729 12.371491384912
730 15.003568592233
731 17.6204298500073
732 20.2221958031532
733 22.8089858646358
734 25.380918230879
735 27.9381098970046
736 30.4806766717804
737 33.0087331924187
738 35.5223929390911
739 38.0217682492973
740 40.5069703319544
741 42.9781092813395
742 45.4352940907962
743 47.8786326662558
744 50.3082318395502
745 52.7241973815514
746 55.1266340150992
747 57.5156454277616
748 59.8913342844007
749 62.2538022395704
750 64.6031499497046
751 66.939477085186
752 69.2628823421957
753 71.5734634544051
754 73.8713172045201
755 76.1565394356444
756 78.429225062489
757 80.6894680824131
758 82.9373615863341
759 85.1729977694573
760 87.396467941871
761 89.6078625389906
762 91.8072711318471
763 93.9947824372625
764 96.1704843278395
765 98.3344638418475
766 100.486807192957
767 102.627599779846
768 104.75692619567
769 106.874870237399
770 108.981514915041
771 111.076942460715
772 113.161234337615
773 115.234471248868
774 117.296733146232
775 119.348099238708
776 121.388648001026
777 123.418457182016
778 125.437603812852
779 127.446164215233
780 129.444214009368
781 131.431828121955
782 133.409080793974
783 135.376045588412
784 137.332795397884
785 139.279402452153
786 141.215938325518
787 143.142473944164
788 145.059079593356
789 146.96582492458
790 148.862778962564
791 150.750010112216
792 152.627586165483
793 154.495574308094
794 156.354041126236
795 158.203052613136
796 160.042674175562
797 161.87297064022
798 163.694006260111
799 165.505844720748
800 167.30854914634
801 169.102182105878
802 170.886805619141
803 172.66248116263
804 174.429269675424
805 176.187231564955
806 177.936426712727
807 179.676914479949
808 181.408753713076
809 183.132002749337
810 184.846719422135
811 186.552961066407
812 188.250784523912
813 189.940246148447
814 191.621401811014
815 193.294306904897
816 194.959016350698
817 196.615584601294
818 198.264065646744
819 199.904513019129
820 201.536979797334
821 203.16151861177
822 204.778181649028
823 206.387020656504
824 207.988086946932
825 209.581431402885
826 211.167104481202
827 212.745156217393
828 214.315636229948
829 215.87859372463
830 217.434077498684
831 218.982135945025
832 220.522817056359
833 222.056168429248
834 223.582237268145
835 225.101070389354
836 226.612714224981
837 228.117214826792
838 229.614617870061
839 231.104968657346
840 232.588312122247
841 234.064692833088
842 235.534154996583
843 236.996742461445
844 238.45249872194
845 239.901466921438
846 241.34368985587
847 242.779209977186
848 244.208069396759
849 245.630309888731
850 247.045972893363
851 248.455099520288
852 249.857730551779
853 251.253906445948
854 252.643667339909
855 254.027053052929
856 255.404103089513
857 256.774856642458
858 258.139352595904
859 259.49762952829
860 260.849725715342
861 262.195679132982
862 263.535527460204
863 264.869308081955
864 266.197058091942
865 267.518814295424
866 268.834613211974
867 270.14449107821
868 271.448483850476
869 272.746627207531
870 274.038956553169
871 275.325507018821
872 276.60631346615
873 277.881410489586
874 279.150832418841
875 280.414613321414
876 281.672787005041
877 282.925387020135
878 284.172446662197
879 285.41399897419
880 286.650076748906
881 287.88071253128
882 289.105938620703
883 290.325787073292
884 291.540289704159
885 292.74947808961
886 293.953383569377
887 295.152037248776
888 296.345470000878
889 297.533712468624
890 298.716795066944
891 299.89474798484
892 301.067601187449
893 302.235384418075
894 303.39812720022
895 304.55585883957
896 305.708608425971
897 306.856404835389
898 307.999276731825
899 309.137252569249
900 310.27036059347
901 311.398628844024
902 312.522085156008
903 313.640757161917
904 314.754672293464
905 315.86385778336
906 316.968340667091
907 318.068147784665
908 319.163305782366
909 320.253841114446
910 321.339780044847
911 322.421148648863
912 323.497972814816
913 324.570278245697
914 325.638090460795
915 326.7014347973
916 327.760336411921
917 328.814820282433
918 329.864911209266
919 330.910633817029
920 331.952012556049
921 332.989071703893
922 334.021835366849
923 335.050327481411
924 336.074571815758
925 337.094591971199
926 338.110411383598
927 339.122053324819
928 340.12954090412
929 341.132897069535
930 342.132144609281
931 343.127306153098
932 344.118404173614
933 345.105460987673
934 346.088498757672
935 347.067539492846
936 348.042605050595
937 349.013717137745
938 349.98089731184
939 350.944166982369
940 351.903547412048
941 352.859059718029
942 353.810724873123
943 354.758563707014
944 355.702596907462
945 356.64284502146
946 357.579328456446
947 358.51206748143
948 359.441082228163
949 360.366392692272
950 361.28801873437
951 362.205980081203
952 363.12029632672
953 364.030986933202
954 364.938071232304
955 365.841568426172
956 366.741497588474
957 367.637877665458
958 368.530727477
959 369.420065717625
960 370.305910957543
961 371.188281643646
962 372.067196100511
963 372.942672531398
964 373.814729019235
965 374.683383527571
966 375.548653901569
967 376.410557868927
968 377.269113040848
969 378.124336912968
970 378.976246866278
971 379.824860168045
972 380.670193972721
973 381.512265322852
974 382.351091149942
975 383.186688275379
976 384.01907341127
977 384.848263161328
978 385.674274021729
979 386.497122381961
980 387.31682452566
981 388.13339663145
982 388.946854773776
983 389.757214923702
984 390.564492949754
985 391.368704618688
986 392.169865596316
987 392.967991448266
988 393.763097640795
989 394.555199541537
990 395.344312420284
991 396.130451449731
992 396.913631706255
993 397.693868170626
994 398.471175728779
995 399.245569172514
996 400.017063200255
997 400.785672417737
998 401.551411338738
999 402.314294385775
1000 403.074335890813
1001 403.831550095941
1002 404.58595115407
1003 405.33755312962
1004 406.086369999168
1005 406.832415652143
1006 407.575703891477
1007 408.316248434254
1008 409.054062912365
1009 409.789160873162
1010 410.521555780072
1011 411.251261013253
1012 411.978289870211
1013 412.702655566419
1014 413.424371235931
1015 414.143449931996
1016 414.859904627668
1017 415.57374821639
1018 416.284993512596
1019 416.993653252306
1020 417.699740093699
1021 418.403266617694
1022 419.104245328522
1023 419.802688654292
1024 420.498608947564
1025 421.192018485897
1026 421.882929472402
1027 422.571354036289
1028 423.257304233426
1029 423.940792046847
1030 424.621829387322
1031 425.300428093855
1032 425.976599934222
1033 426.650356605495
1034 427.321709734552
1035 427.990670878581
1036 428.657251525601
1037 429.321463094953
1038 429.983316937805
1039 430.642824337632
1040 431.299996510722
1041 431.954844606657
1042 432.607379708783
1043 433.257612834694
1044 433.905554936709
1045 434.551216902332
1046 435.194609554721
1047 435.835743653151
1048 436.474629893459
1049 437.111278908515
1050 437.745701268652
1051 438.377907482125
1052 439.007907995547
1053 439.635713194324
1054 440.261333403086
1055 440.884778886132
1056 441.506059847841
1057 442.125186433104
1058 442.742168727735
1059 443.357016758897
1060 443.969740495506
1061 444.580349848637
1062 445.188854671948
1063 445.79526476206
1064 446.399589858973
1065 447.001839646441
1066 447.602023752385
1067 448.200151749276
1068 448.796233154511
1069 449.390277430805
1070 449.982293986571
1071 450.572292176283
1072 451.160281300874
1073 451.746270608077
1074 452.330269292809
1075 452.912286497537
1076 453.492331312626
1077 454.070412776712
1078 454.646539877042
1079 455.220721549833
1080 455.792966680629
1081 456.363284104637
1082 456.931682607072
1083 457.498170923496
1084 458.062757740169
1085 458.625451694367
1086 459.186261374723
1087 459.745195321556
1088 460.302262027204
1089 460.857469936338
1090 461.41082744629
1091 461.962342907368
1092 462.51202462318
1093 463.059880850947
1094 463.605919801803
1095 464.150149641123
1096 464.692578488817
1097 465.233214419633
1098 465.772065463472
1099 466.309139605668
1100 466.844444787312
1101 467.377988905513
1102 467.909779813722
1103 468.439825322001
1104 468.968133197323
1105 469.494711163851
1106 470.019566903221
1107 470.542708054834
1108 471.064142216118
1109 471.583876942808
1110 472.101919749248
1111 472.618278108616
1112 473.132959453234
1113 473.645971174817
1114 474.157320624744
1115 474.66701511432
1116 475.175061915048
1117 475.681468258868
1118 476.186241338437
1119 476.689388307369
1120 477.1909162805
1121 477.690832334132
1122 478.189143506288
1123 478.68585679696
1124 479.180979168348
1125 479.674517545119
1126 480.16647881463
1127 480.656869827188
1128 481.145697396268
1129 481.632968298777
1130 482.118689275265
1131 482.602867030162
1132 483.085508232023
1133 483.566619513752
1134 484.046207472811
1135 484.524278671482
1136 485.000839637063
1137 485.475896862097
1138 485.949456804605
1139 486.421525888286
1140 486.892110502758
1141 487.361217003753
1142 487.828851713344
1143 488.295020920154
1144 488.759730879571
1145 489.222987813946
1146 489.684797912824
1147 490.145167333126
1148 490.604102199369
1149 491.061608603863
1150 491.517692606925
1151 491.972360237059
1152 492.425617491175
1153 492.877470334767
1154 493.327924702137
1155 493.776986496561
1156 494.224661590502
1157 494.670955825784
1158 495.11587501381
1159 495.559424935715
1160 496.001611342589
1161 496.442439955631
1162 496.881916466371
1163 497.320046536815
1164 497.756835799652
1165 498.192289858424
1166 498.626414287716
1167 499.059214633324
1168 499.490696412435
1169 499.920865113807
1170 500.349726197929
1171 500.777285097224
1172 501.203547216187
1173 501.628517931579
1174 502.052202592585
1175 502.47460652098
1176 502.895735011313
1177 503.315593331054
1178 503.734186720765
1179 504.151520394272
1180 504.567599538815
1181 504.982429315208
1182 505.396014858016
1183 505.808361275695
1184 506.21947365076
1185 506.629357039942
1186 507.038016474335
1187 507.44545695956
1188 507.851683475908
1189 508.256700978509
1190 508.660514397462
1191 509.063128638
1192 509.464548580635
1193 509.864779081307
1194 510.26382497152
1195 510.661691058511
1196 511.058382125369
1197 511.453902931193
1198 511.848258211246
1199 512.241452677065
1200 512.633491016621
1201 513.024377894476
1202 513.414117951889
1203 513.802715806969
1204 514.190176054814
1205 514.576503267651
1206 514.961701994958
1207 515.345776763605
1208 515.728732077986
1209 516.110572420157
1210 516.491302249961
1211 516.870926005151
1212 517.249448101549
1213 517.626872933133
1214 518.00320487219
1215 518.378448269456
1216 518.752607454207
1217 519.1256867344
1218 519.497690396814
1219 519.868622707148
1220 520.238487910158
1221 520.607290229774
1222 520.975033869223
1223 521.341723011144
1224 521.70736181772
1225 522.071954430775
1226 522.435504971919
1227 522.798017542638
1228 523.159496224428
1229 523.519945078912
1230 523.879368147931
1231 524.237769453686
1232 524.595152998836
1233 524.951522766611
1234 525.306882720933
1235 525.66123680651
1236 526.014588948958
1237 526.366943054914
1238 526.718303012133
1239 527.068672689598
1240 527.418055937639
1241 527.766456588017
1242 528.11387845406
1243 528.460325330738
1244 528.805800994782
1245 529.150309204797
1246 529.493853701333
1247 529.836438207027
1248 530.178066426678
1249 530.518742047353
1250 530.858468738491
1251 531.197250152005
1252 531.535089922371
1253 531.871991666735
1254 532.207958985008
1255 532.542995459957
1256 532.877104657315
1257 533.210290125868
1258 533.542555397537
1259 533.873903987499
1260 534.204339394276
1261 534.533865099791
1262 534.862484569519
1263 535.190201252528
1264 535.517018581607
1265 535.842939973333
1266 536.167968828166
1267 536.492108530562
1268 536.815362449015
1269 537.137733936193
1270 537.459226328997
1271 537.779842948661
1272 538.099587100828
1273 538.418462075651
1274 538.736471147865
1275 539.053617576883
1276 539.36990460687
1277 539.68533546683
1278 539.999913370703
1279 540.313641517423
1280 540.626523091022
1281 540.938561260708
1282 541.249759180921
1283 541.560119991468
1284 541.869646817541
1285 542.178342769841
1286 542.486210944636
1287 542.793254423856
1288 543.099476275147
1289 543.404879551976
1290 543.709467293689
1291 544.013242525594
1292 544.316208259041
1293 544.618367491495
1294 544.919723206606
1295 545.220278374295
1296 545.520035950816
1297 545.818998878845
1298 546.117170087538
1299 546.41455249261
1300 546.711148996408
1301 547.006962487991
1302 547.301995843186
1303 547.596251924675
1304 547.889733582049
1305 548.182443651896
1306 548.474384957856
1307 548.765560310702
1308 549.0559725084
1309 549.345624336184
1310 549.634518566624
1311 549.922657959678
1312 550.210045262793
1313 550.496683210938
1314 550.782574526688
1315 551.06772192029
1316 551.352128089717
1317 551.635795720746
1318 551.918727487021
1319 552.200926050112
1320 552.482394059579
1321 552.763134153038
1322 553.043148956236
1323 553.322441083092
1324 553.601013135768
1325 553.878867704745
1326 554.15600736886
1327 554.432434695392
1328 554.708152240106
1329 554.983162547319
1330 555.257468149962
1331 555.531071569633
1332 555.803975316679
1333 556.076181890217
1334 556.347693778227
1335 556.61851345759
1336 556.888643394162
1337 557.158086042818
1338 557.426843847513
1339 557.694919241347
1340 557.962314646614
1341 558.229032474856
1342 558.495075126926
1343 558.760444993041
1344 559.025144452838
1345 559.289175875423
1346 559.55254161944
1347 559.81524403311
1348 560.077285454292
1349 560.338668210539
1350 560.599394619144
1351 560.859466987201
1352 561.118887611663
1353 561.377658779363
1354 561.635782767113
1355 561.893261841717
1356 562.150098260047
1357 562.406294269081
1358 562.661852105954
1359 562.916773998018
1360 563.171062162884
1361 563.424718808477
1362 563.677746133081
1363 563.930146325387
1364 564.18192156456
1365 564.433074020258
1366 564.68360585271
1367 564.933519212737
1368 565.182816241824
1369 565.431499072155
1370 565.679569826664
1371 565.927030619079
1372 566.173883553977
1373 566.420130726812
1374 566.665774223983
1375 566.910816122877
1376 567.155258491895
1377 567.399103390524
1378 567.642352869359
1379 567.88500897017
1380 568.127073725926
1381 568.368549160855
1382 568.609437290482
1383 568.849740121664
1384 569.089459652658
1385 569.328597873139
1386 569.567156764259
1387 569.805138298677
1388 570.042544440616
1389 570.279377145905
1390 570.515638362
1391 570.75133002805
1392 570.98645407493
1393 571.221012425281
1394 571.455006993549
1395 571.688439686039
1396 571.921312400936
1397 572.153627028361
1398 572.385385450405
1399 572.616589541173
1400 572.847241166819
1401 573.077342185587
1402 573.306894447854
1403 573.535899796164
1404 573.76436006527
1405 573.992277082177
1406 574.219652666166
1407 574.44648862885
1408 574.672786774209
1409 574.898548898602
1410 575.123776790849
1411 575.348472232231
1412 575.572636996552
1413 575.796272850154
1414 576.019381551971
1415 576.241964853563
1416 576.464024499143
1417 576.685562225622
1418 576.906579762642
1419 577.127078832616
1420 577.347061150751
1421 577.566528425104
1422 577.785482356592
1423 578.003924639051
1424 578.221856959255
1425 578.439280996958
1426 578.656198424927
1427 578.872610908968
1428 579.088520107974
1429 579.303927673955
1430 579.518835252066
1431 579.733244480634
1432 579.947156991215
1433 580.160574408601
1434 580.373498350878
1435 580.585930429429
1436 580.797872248995
1437 581.009325407688
1438 581.220291497039
1439 581.430772102009
1440 581.640768801046
1441 581.85028316609
1442 582.059316762631
1443 582.267871149723
1444 582.475947880012
1445 582.683548499794
1446 582.890674548999
1447 583.097327561276
1448 583.303509063978
1449 583.509220578219
1450 583.714463618895
1451 583.91923969471
1452 584.123550308217
1453 584.327396955838
1454 584.530781127897
1455 584.73370430865
1456 584.936167976308
1457 585.138173603079
1458 585.339722655182
1459 585.540816592888
1460 585.741456870538
1461 585.941644936577
1462 586.141382233586
1463 586.340670198302
1464 586.539510261646
1465 586.737903848766
1466 586.935852379039
1467 587.133357266119
1468 587.330419917955
1469 587.527041736826
1470 587.723224119354
1471 587.918968456549
1472 588.114276133817
1473 588.309148531
1474 588.503587022401
1475 588.6975929768
1476 588.891167757497
1477 589.084312722318
1478 589.27702922366
1479 589.469318608503
1480 589.661182218441
1481 589.852621389711
1482 590.043637453208
1483 590.23423173452
1484 590.424405553952
1485 590.614160226546
1486 590.803497062101
1487 590.992417365218
1488 591.180922435304
1489 591.369013566602
1490 591.556692048222
1491 591.743959164151
1492 591.9308161933
1493 592.117264409501
1494 592.303305081546
1495 592.488939473214
1496 592.674168843286
1497 592.858994445562
1498 593.043417528905
1499 593.227439337251
1500 593.411061109625
1501 593.594284080177
1502 593.777109478206
1503 593.959538528158
1504 594.141572449689
1505 594.323212457647
1506 594.504459762129
1507 594.685315568467
1508 594.865781077289
1509 595.045857484508
1510 595.225545981365
1511 595.404847754439
1512 595.58376398567
1513 595.762295852389
1514 595.940444527331
1515 596.118211178658
1516 596.295596969981
1517 596.472603060378
1518 596.649230604419
1519 596.82548075219
1520 597.001354649304
1521 597.176853436919
1522 597.351978251787
1523 597.526730226229
1524 597.701110488198
1525 597.875120161275
1526 598.048760364682
1527 598.222032213338
1528 598.39493681784
1529 598.567475284496
1530 598.739648715358
1531 598.911458208219
1532 599.082904856654
1533 599.253989750019
1534 599.42471397349
1535 599.595078608064
1536 599.76508473059
1537 599.934733413783
1538 600.104025726252
1539 600.272962732492
1540 600.441545492941
1541 600.609775063969
1542 600.777652497906
1543 600.945178843068
1544 601.112355143756
1545 601.279182440299
1546 601.445661769048
1547 601.611794162413
1548 601.777580648867
1549 601.943022252977
1550 602.108119995405
1551 602.272874892947
1552 602.437287958523
1553 602.601360201222
1554 602.765092626304
1555 602.928486235218
1556 603.091542025627
1557 603.254260991415
1558 603.416644122701
1559 603.578692405885
1560 603.740406823626
1561 603.901788354881
1562 604.062837974915
1563 604.223556655318
1564 604.383945364028
1565 604.544005065344
1566 604.703736719925
1567 604.863141284836
1568 605.022219713553
1569 605.180972955961
1570 605.33940195839
1571 605.497507663632
1572 605.655291010946
1573 605.812752936074
1574 605.969894371271
1575 606.126716245298
1576 606.28321948346
1577 606.439405007602
1578 606.59527373614
1579 606.750826584073
1580 606.90606446298
1581 607.060988281072
1582 607.215598943164
1583 607.369897350724
1584 607.523884401867
1585 607.677560991388
1586 607.830928010756
1587 607.983986348145
1588 608.136736888434
1589 608.289180513245
1590 608.441318100929
1591 608.593150526601
1592 608.744678662143
1593 608.895903376227
1594 609.046825534321
1595 609.197445998708
1596 609.347765628498
1597 609.497785279643
1598 609.64750580495
1599 609.796928054092
1600 609.946052873633
1601 610.094881107026
1602 610.243413594639
1603 610.391651173759
1604 610.53959467861
1605 610.687244940376
1606 610.834602787197
1607 610.981669044184
1608 611.128444533452
1609 611.274930074107
1610 611.421126482281
1611 611.567034571131
1612 611.712655150854
1613 611.857989028706
1614 612.003037009012
1615 612.147799893175
1616 612.292278479687
1617 612.436473564157
1618 612.580385939304
1619 612.724016394981
1620 612.867365718181
1621 613.010434693063
1622 613.153224100941
1623 613.295734720316
1624 613.437967326883
1625 613.579922693537
1626 613.721601590397
1627 613.8630047848
1628 614.004133041336
1629 614.144987121835
1630 614.285567785404
1631 614.425875788413
1632 614.565911884534
1633 614.70567682473
1634 614.845171357272
1635 614.98439622776
1636 615.123352179129
1637 615.262039951653
1638 615.400460282971
1639 615.538613908085
1640 615.676501559374
1641 615.814123966616
1642 615.951481856984
1643 616.088575955066
1644 616.225406982876
1645 616.361975659859
1646 616.498282702911
1647 616.634328826384
1648 616.77011474209
1649 616.905641159327
1650 617.040908784884
1651 617.175918323041
1652 617.310670475601
1653 617.445165941877
1654 617.579405418716
1655 617.713389600504
1656 617.847119179193
1657 617.980594844288
1658 618.113817282866
1659 618.246787179585
1660 618.379505216703
1661 618.511972074085
1662 618.644188429199
1663 618.776154957142
1664 618.907872330651
1665 619.039341220097
1666 619.170562293511
1667 619.301536216581
1668 619.432263652688
1669 619.562745262866
1670 619.69298170587
1671 619.822973638141
1672 619.952721713839
1673 620.082226584843
1674 620.211488900765
1675 620.340509308965
1676 620.469288454542
1677 620.59782698036
1678 620.726125527051
1679 620.854184733033
1680 620.982005234503
1681 621.109587665455
1682 621.236932657695
1683 621.364040840848
1684 621.490912842354
1685 621.617549287489
1686 621.743950799372
1687 621.870117998981
1688 621.996051505147
1689 622.121751934569
1690 622.247219901834
1691 622.372456019407
1692 622.497460897647
1693 622.622235144834
1694 622.746779367141
1695 622.871094168675
1696 622.995180151471
1697 623.119037915503
1698 623.242668058694
1699 623.36607117692
1700 623.489247864025
1701 623.612198711822
1702 623.734924310112
1703 623.857425246677
1704 623.979702107303
1705 624.101755475787
1706 624.223585933924
1707 624.345194061547
1708 624.466580436516
1709 624.587745634727
1710 624.708690230121
1711 624.829414794701
1712 624.949919898527
1713 625.070206109733
1714 625.190273994533
1715 625.310124117219
1716 625.429757040185
1717 625.549173323923
1718 625.668373527047
1719 625.787358206268
1720 625.906127916438
1721 626.024683210537
1722 626.143024639686
1723 626.26115275315
1724 626.379068098361
1725 626.496771220902
1726 626.614262664528
1727 626.731542971186
1728 626.848612680986
1729 626.965472332252
1730 627.082122461489
1731 627.198563603426
1732 627.314796290999
1733 627.430821055372
1734 627.546638425925
1735 627.662248930286
1736 627.777653094321
1737 627.892851442155
1738 628.007844496148
1739 628.122632776961
1740 628.237216803494
1741 628.351597092941
1742 628.46577416078
1743 628.579748520773
1744 628.693520684995
1745 628.807091163816
1746 628.920460465933
1747 629.033629098339
1748 629.146597566372
1749 629.259366373703
1750 629.371936022334
1751 629.484307012615
1752 629.596479843256
1753 629.708455011325
1754 629.82023301225
1755 629.931814339836
1756 630.04319948627
1757 630.154388942113
1758 630.265383196337
1759 630.376182736292
1760 630.486788047757
1761 630.597199614895
1762 630.707417920313
1763 630.817443445016
1764 630.92727666846
1765 631.036918068531
1766 631.146368121552
1767 631.255627302305
1768 631.36469608402
1769 631.473574938387
1770 631.582264335567
1771 631.69076474419
1772 631.799076631373
1773 631.907200462715
1774 632.0151367023
1775 632.122885812712
1776 632.230448255047
1777 632.337824488905
1778 632.44501497239
1779 632.552020162147
1780 632.658840513328
1781 632.765476479632
1782 632.871928513288
1783 632.97819706507
1784 633.084282584308
1785 633.190185518879
1786 633.295906315228
1787 633.40144541836
1788 633.506803271855
1789 633.611980317876
1790 633.716976997165
1791 633.821793749044
1792 633.926431011447
1793 634.030889220901
1794 634.135168812531
1795 634.239270220081
1796 634.343193875909
1797 634.446940210997
1798 634.550509654945
1799 634.653902636004
1800 634.757119581042
1801 634.860160915583
1802 634.963027063794
1803 635.065718448495
1804 635.168235491177
1805 635.270578611969
1806 635.3727482297
1807 635.474744761848
1808 635.576568624589
1809 635.678220232767
1810 635.77969999993
1811 635.881008338311
1812 635.982145658854
1813 636.08311237119
1814 636.183908883675
1815 636.284535603379
1816 636.384992936081
1817 636.485281286293
1818 636.585401057256
1819 636.685352650948
1820 636.785136468073
1821 636.884752908094
1822 636.984202369218
1823 637.083485248407
1824 637.182601941376
1825 637.281552842612
1826 637.380338345358
1827 637.478958841642
1828 637.577414722267
1829 637.675706376808
1830 637.77383419364
1831 637.871798559923
1832 637.969599861605
1833 638.067238483459
1834 638.164714809039
1835 638.262029220718
1836 638.35918209968
1837 638.456173825933
1838 638.553004778303
1839 638.649675334452
1840 638.746185870864
1841 638.842536762863
1842 638.938728384618
1843 639.034761109142
1844 639.130635308292
1845 639.226351352784
1846 639.321909612197
1847 639.417310454959
1848 639.51255424838
1849 639.607641358635
1850 639.702572150777
1851 639.797346988734
1852 639.891966235322
1853 639.986430252241
1854 640.080739400087
1855 640.174894038359
1856 640.268894525449
1857 640.362741218644
1858 640.456434474167
1859 640.549974647122
1860 640.643362091565
1861 640.736597160444
1862 640.829680205646
1863 640.92261157798
1864 641.0153916272
1865 641.108020701987
1866 641.200499149969
1867 641.292827317719
1868 641.38500555075
1869 641.477034193539
1870 641.568913589521
1871 641.660644081079
1872 641.752226009579
1873 641.843659715345
1874 641.934945537668
1875 642.026083814824
1876 642.117074884067
1877 642.207919081641
1878 642.298616742766
1879 642.38916820166
1880 642.479573791534
1881 642.569833844601
1882 642.659948692081
1883 642.749918664182
1884 642.839744090139
1885 642.929425298199
1886 643.018962615623
1887 643.108356368688
1888 643.19760688271
1889 643.286714482019
1890 643.375679489974
1891 643.464502228985
1892 643.553183020495
1893 643.641722184976
1894 643.730120041969
1895 643.818376910043
1896 643.906493106833
1897 643.994468949027
1898 644.082304752377
1899 644.170000831681
1900 644.257557500824
1901 644.344975072756
1902 644.432253859493
1903 644.51939417213
1904 644.606396320851
1905 644.693260614916
1906 644.779987362673
1907 644.86657687156
1908 644.95302944811
1909 645.03934539796
1910 645.125525025826
1911 645.211568635549
1912 645.29747653007
1913 645.383249011432
1914 645.468886380805
1915 645.554388938467
1916 645.639756983814
1917 645.724990815369
1918 645.810090730784
1919 645.895057026831
1920 645.979889999421
1921 646.064589943604
1922 646.149157153552
1923 646.233591922601
1924 646.317894543218
1925 646.402065307018
1926 646.486104504776
1927 646.570012426408
1928 646.653789360997
1929 646.737435596781
1930 646.820951421173
1931 646.904337120726
1932 646.987592981186
1933 647.070719287472
1934 647.153716323655
1935 647.236584373009
1936 647.319323717974
1937 647.401934640178
1938 647.484417420443
1939 647.566772338761
1940 647.648999674344
1941 647.731099705568
1942 647.813072710046
1943 647.894918964557
1944 647.9766387451
1945 648.058232326878
1946 648.139699984311
1947 648.221041991011
1948 648.30225861984
1949 648.383350142846
1950 648.464316831305
1951 648.54515895573
1952 648.625876785842
1953 648.706470590614
1954 648.78694063823
1955 648.867287196117
1956 648.947510530941
1957 649.027610908611
1958 649.107588594259
1959 649.187443852287
1960 649.267176946335
1961 649.346788139298
1962 649.426277693312
1963 649.505645869781
1964 649.584892929368
1965 649.664019131988
1966 649.743024736827
1967 649.821910002336
1968 649.900675186231
1969 649.979320545513
1970 650.057846336433
1971 650.136252814547
1972 650.214540234668
1973 650.292708850901
1974 650.370758916633
1975 650.448690684537
1976 650.526504406581
1977 650.604200334016
1978 650.681778717394
1979 650.759239806553
1980 650.836583850648
1981 650.913811098119
1982 650.990921796725
1983 651.067916193512
1984 651.144794534851
1985 651.221557066421
1986 651.298204033208
1987 651.374735679524
1988 651.451152248995
1989 651.527453984563
1990 651.603641128494
1991 651.67971392239
1992 651.755672607169
1993 651.831517423087
1994 651.907248609726
1995 651.982866406005
1996 652.058371050189
1997 652.133762779862
1998 652.209041831961
1999 652.284208442777
2000 652.35926284794
2001 652.434205282415
2002 652.509035980533
2003 652.58375517598
2004 652.658363101786
2005 652.732859990337
2006 652.807246073394
2007 652.881521582066
2008 652.955686746827
2009 653.029741797534
2010 653.103686963381
2011 653.177522472958
2012 653.251248554224
2013 653.324865434499
2014 653.398373340497
2015 653.471772498297
2016 653.545063133374
2017 653.618245470565
2018 653.691319734116
2019 653.764286147644
2020 653.837144934161
2021 653.909896316069
2022 653.982540515165
2023 654.05507775265
2024 654.127508249103
2025 654.19983222452
2026 654.272049898291
2027 654.344161489212
2028 654.416167215486
2029 654.488067294723
2030 654.559861943937
2031 654.631551379571
2032 654.703135817457
2033 654.774615472867
2034 654.84599056047
2035 654.917261294374
2036 654.98842788809
2037 655.05949055457
2038 655.130449506186
2039 655.201304954728
2040 655.272057111423
2041 655.342706186933
2042 655.41325239135
2043 655.483695934192
2044 655.554037024439
2045 655.624275870478
2046 655.694412680163
2047 655.764447660782
2048 655.83438101906
2049 655.904212961174
2050 655.973943692744
2051 656.043573418869
2052 656.113102344053
2053 656.18253067229
2054 656.251858607014
2055 656.321086351122
2056 656.390214106965
2057 656.459242076363
2058 656.528170460593
2059 656.596999460395
2060 656.66572927598
2061 656.73436010703
2062 656.802892152683
2063 656.871325611568
2064 656.93966068177
2065 657.00789756086
2066 657.076036445887
2067 657.144077533365
2068 657.212021019309
2069 657.279867099193
2070 657.347615967996
2071 657.415267820177
2072 657.482822849663
2073 657.550281249895
2074 657.617643213803
2075 657.684908933791
2076 657.752078601764
2077 657.81915240914
2078 657.886130546805
2079 657.95301320517
2080 658.019800574127
2081 658.08649284309
2082 658.153090200953
2083 658.21959283614
2084 658.286000936567
2085 658.352314689652
2086 658.418534282344
2087 658.484659901088
2088 658.550691731856
2089 658.616629960118
2090 658.682474770871
2091 658.748226348627
2092 658.813884877423
2093 658.879450540813
2094 658.944923521872
2095 659.010304003207
2096 659.075592166942
2097 659.140788194731
2098 659.205892267768
2099 659.270904566759
2100 659.335825271957
2101 659.400654563136
2102 659.465392619614
2103 659.530039620252
2104 659.594595743436
2105 659.659061167095
2106 659.723436068704
2107 659.787720625279
2108 659.851915013371
2109 659.916019409088
2110 659.980033988091
2111 660.043958925562
2112 660.107794396262
2113 660.171540574496
2114 660.235197634104
2115 660.298765748505
2116 660.362245090657
2117 660.425635833086
2118 660.488938147872
2119 660.552152206648
2120 660.615278180622
2121 660.678316240551
2122 660.741266556763
2123 660.804129299157
2124 660.866904637194
2125 660.929592739893
2126 660.992193775859
2127 661.054707913264
2128 661.117135319846
2129 661.179476162921
2130 661.241730609375
2131 661.303898825685
2132 661.365980977891
2133 661.427977231615
2134 661.489887752066
2135 661.551712704033
2136 661.613452251876
2137 661.675106559557
2138 661.736675790617
2139 661.798160108182
2140 661.859559674965
2141 661.920874653274
2142 661.982105205008
2143 662.04325149165
2144 662.104313674289
2145 662.165291913599
2146 662.226186369853
2147 662.28699720292
2148 662.34772457228
2149 662.408368636992
2150 662.46892955573
2151 662.529407486776
2152 662.58980258799
2153 662.650115016873
2154 662.710344930497
2155 662.770492485569
2156 662.830557838395
2157 662.890541144876
2158 662.950442560552
2159 663.010262240557
2160 663.07000033964
2161 663.129657012161
2162 663.189232412116
2163 663.248726693098
2164 663.308140008323
2165 663.367472510635
2166 663.426724352481
2167 663.485895685948
2168 663.544986662741
2169 663.603997434182
2170 663.662928151227
2171 663.721778964455
2172 663.780550024074
2173 663.839241479921
2174 663.897853481453
2175 663.956386177778
2176 664.014839717619
2177 664.073214249337
2178 664.131509920942
2179 664.189726880058
2180 664.247865273958
2181 664.305925249542
2182 664.363906953373
2183 664.421810531623
2184 664.479636130125
2185 664.537383894354
2186 664.595053969425
2187 664.652646500097
2188 664.71016163077
2189 664.767599505499
2190 664.824960267988
2191 664.88224406158
2192 664.939451029273
2193 664.99658131372
2194 665.053635057225
2195 665.110612401741
2196 665.167513488872
2197 665.224338459888
2198 665.28108745571
2199 665.33776061692
2200 665.39435808375
2201 665.450879996096
2202 665.50732649352
2203 665.56369771524
2204 665.619993800133
2205 665.676214886745
2206 665.732361113292
2207 665.788432617645
2208 665.84442953735
2209 665.900352009608
2210 665.956200171309
2211 666.011974158999
2212 666.067674108888
2213 666.123300156873
2214 666.178852438531
2215 666.234331089076
2216 666.289736243437
2217 666.345068036192
2218 666.40032660161
2219 666.455512073634
2220 666.510624585881
2221 666.565664271655
2222 666.620631263936
2223 666.675525695386
2224 666.730347698352
2225 666.785097404857
2226 666.839774946619
2227 666.894380455031
2228 666.948914061182
2229 667.003375895842
2230 667.057766089462
2231 667.112084772209
2232 667.166332073908
2233 667.220508124088
2234 667.274613051976
2235 667.328646986481
2236 667.382610056221
2237 667.436502389479
2238 667.490324114275
2239 667.54407535829
2240 667.597756248922
2241 667.651366913257
2242 667.704907478076
2243 667.758378069889
2244 667.811778814867
2245 667.865109838912
2246 667.918371267611
2247 667.971563226269
2248 668.024685839886
2249 668.077739233165
2250 668.130723530525
2251 668.183638856085
2252 668.236485333678
2253 668.289263086833
2254 668.341972238803
2255 668.394612912543
2256 668.447185230732
2257 668.499689315736
2258 668.552125289657
2259 668.604493274304
2260 668.656793391201
2261 668.709025761582
2262 668.761190506409
2263 668.81328774634
2264 668.865317601781
2265 668.917280192838
2266 668.969175639332
2267 669.02100406082
2268 669.072765576567
2269 669.124460305568
2270 669.176088366546
2271 669.227649877928
2272 669.279144957893
2273 669.330573724324
2274 669.381936294826
2275 669.433232786757
2276 669.484463317181
2277 669.5356280029
2278 669.586726960446
2279 669.637760306071
2280 669.688728155768
2281 669.739630625259
2282 669.790467829996
2283 669.841239885173
2284 669.891946905704
2285 669.942589006252
2286 669.993166301197
2287 670.043678904684
2288 670.094126930567
2289 670.144510492457
2290 670.194829703683
2291 670.245084677341
2292 670.295275526254
2293 670.34540236297
2294 670.395465299803
2295 670.445464448796
2296 670.495399921742
2297 670.545271830167
2298 670.595080285364
2299 670.644825398345
2300 670.694507279885
2301 670.744126040495
2302 670.793681790441
2303 670.843174639743
2304 670.892604698155
2305 670.941972075188
2306 670.991276880102
2307 671.040519221918
2308 671.08969920939
2309 671.138816951043
2310 671.187872555145
2311 671.236866129717
2312 671.285797782545
2313 671.334667621154
2314 671.383475752839
2315 671.43222228465
2316 671.480907323392
2317 671.52953097562
2318 671.578093347662
2319 671.626594545599
2320 671.675034675272
2321 671.723413842282
2322 671.771732151992
2323 671.819989709525
2324 671.868186619779
2325 671.916322987396
2326 671.964398916806
2327 672.012414512177
2328 672.060369877463
2329 672.108265116376
2330 672.156100332399
2331 672.203875628775
2332 672.251591108519
2333 672.299246874429
2334 672.346843029045
2335 672.3943796747
2336 672.441856913486
2337 672.489274847267
2338 672.536633577688
2339 672.583933206162
2340 672.631173833867
2341 672.678355561763
2342 672.725478490594
2343 672.772542720861
2344 672.819548352848
2345 672.866495486618
2346 672.91338422201
2347 672.960214658646
2348 673.006986895913
2349 673.05370103299
2350 673.100357168827
2351 673.146955402159
2352 673.193495831501
2353 673.239978555151
2354 673.286403671189
2355 673.332771277468
2356 673.37908147164
2357 673.425334351128
2358 673.471530013148
2359 673.517668554694
2360 673.563750072557
2361 673.6097746633
2362 673.655742423282
2363 673.701653448645
2364 673.74750783533
2365 673.793305679044
2366 673.839047075308
2367 673.884732119415
2368 673.930360906456
2369 673.975933531317
2370 674.021450088674
2371 674.066910672976
2372 674.112315378495
2373 674.15766429928
2374 674.202957529171
2375 674.248195161814
2376 674.293377290631
2377 674.338504008863
2378 674.383575409531
2379 674.428591585457
2380 674.473552629265
2381 674.518458633366
2382 674.563309689977
2383 674.608105891115
2384 674.652847328595
2385 674.697534094033
2386 674.74216627883
2387 674.786743974215
2388 674.8312672712
2389 674.875736260605
2390 674.92015103305
2391 674.964511678969
2392 675.00881828858
2393 675.05307095192
2394 675.097269758821
2395 675.141414798939
2396 675.185506161717
2397 675.229543936411
2398 675.273528212077
2399 675.317459077598
2400 675.361336621642
2401 675.4051609327
2402 675.448932099061
2403 675.492650208843
2404 675.53631534995
2405 675.579927610107
2406 675.623487076861
2407 675.666993837552
2408 675.710447979341
2409 675.753849589207
2410 675.797198753927
2411 675.840495560112
2412 675.883740094165
2413 675.92693244232
2414 675.97007269062
2415 676.013160924929
2416 676.056197230911
2417 676.099181694072
2418 676.142114399713
2419 676.184995432955
2420 676.227824878755
2421 676.270602821865
2422 676.313329346876
2423 676.35600453819
2424 676.398628480025
2425 676.441201256422
2426 676.483722951249
2427 676.526193648186
2428 676.568613430743
2429 676.610982382245
2430 676.653300585851
2431 676.69556812453
2432 676.737785081089
2433 676.77995153814
2434 676.822067578141
2435 676.864133283363
2436 676.906148735903
2437 676.948114017689
2438 676.99002921047
2439 677.031894395822
2440 677.073709655165
2441 677.115475069718
2442 677.157190720553
2443 677.198856688559
2444 677.240473054457
2445 677.282039898805
2446 677.323557301969
2447 677.365025344175
2448 677.406444105451
2449 677.447813665693
2450 677.489134104591
2451 677.530405501691
2452 677.57162793636
2453 677.612801487811
2454 677.653926235074
2455 677.695002257032
2456 677.736029632388
2457 677.777008439685
2458 677.817938757303
2459 677.858820663458
2460 677.899654236196
2461 677.940439553409
2462 677.981176692824
2463 678.021865732003
2464 678.062506748342
2465 678.103099819088
2466 678.143645021309
2467 678.184142431935
2468 678.224592127713
2469 678.264994185252
2470 678.30534868098
2471 678.345655691185
2472 678.385915291981
2473 678.426127559334
2474 678.466292569048
2475 678.506410396774
2476 678.546481117999
2477 678.586504808054
2478 678.626481542132
2479 678.666411395241
2480 678.706294442245
2481 678.74613075787
2482 678.785920416671
2483 678.82566349305
2484 678.86536006125
2485 678.905010195381
2486 678.944613969376
2487 678.984171457025
2488 679.023682731984
2489 679.063147867724
2490 679.102566937587
2491 679.141940014758
2492 679.181267172274
2493 679.220548483018
2494 679.259784019725
2495 679.298973854984
2496 679.33811806122
2497 679.377216710739
2498 679.416269875663
2499 679.455277627997
2500 679.494240039581
2501 679.533157182111
2502 679.572029127139
2503 679.610855946071
2504 679.649637710158
2505 679.688374490523
2506 679.727066358122
2507 679.765713383791
2508 679.804315638205
2509 679.84287319189
2510 679.88138611524
2511 679.919854478503
2512 679.958278351785
2513 679.996657805046
2514 680.034992908099
2515 680.073283730635
2516 680.111530342176
2517 680.14973281212
2518 680.187891209726
2519 680.226005604103
2520 680.264076064221
2521 680.302102658917
2522 680.340085456884
2523 680.378024526676
2524 680.415919936711
2525 680.453771755263
2526 680.491580050474
2527 680.529344890348
2528 680.567066342743
2529 680.604744475393
2530 680.642379355883
2531 680.679971051675
2532 680.717519630087
2533 680.75502515829
2534 680.792487703349
2535 680.829907332163
2536 680.867284111522
2537 680.904618108061
2538 680.941909388296
2539 680.979158018602
2540 681.016364065218
2541 681.053527594268
2542 681.090648671711
2543 681.127727363405
2544 681.164763735066
2545 681.201757852269
2546 681.238709780471
2547 681.275619584984
2548 681.312487331005
2549 681.349313083593
2550 681.386096907678
2551 681.42283886805
2552 681.459539029395
2553 681.496197456244
2554 681.532814213016
2555 681.569389363988
2556 681.605922973327
2557 681.64241510505
2558 681.678865823067
2559 681.715275191156
2560 681.751643272953
2561 681.787970131984
2562 681.824255831649
2563 681.860500435218
2564 681.896704005832
2565 681.932866606498
2566 681.968988300136
2567 682.005069149495
2568 682.041109217226
2569 682.077108565851
2570 682.113067257769
2571 682.148985355248
2572 682.184862920449
2573 682.220700015394
2574 682.256496701992
2575 682.292253042024
2576 682.327969097155
2577 682.363644928927
2578 682.399280598758
2579 682.434876167943
2580 682.470431697669
2581 682.505947248982
2582 682.541422882832
2583 682.576858660023
2584 682.612254641264
2585 682.647610887134
2586 682.682927458091
2587 682.718204414477
2588 682.753441816515
2589 682.788639724314
2590 682.823798197862
2591 682.858917297018
2592 682.893997081552
2593 682.929037611091
2594 682.964038945164
2595 682.999001143167
2596 683.033924264385
2597 683.068808367996
2598 683.103653513055
2599 683.138459758502
2600 683.173227163169
2601 683.207955785768
2602 683.242645684892
2603 683.277296919026
2604 683.311909546542
2605 683.346483625694
2606 683.381019214632
2607 683.415516371379
2608 683.449975153855
2609 683.484395619865
2610 683.518777827109
2611 683.553121833159
2612 683.587427695491
2613 683.621695471459
2614 683.655925218322
2615 683.690116993201
2616 683.724270853138
2617 683.758386855037
2618 683.792465055714
2619 683.826505511858
2620 683.860508280056
2621 683.894473416792
2622 683.928400978432
2623 683.962291021238
2624 683.996143601367
2625 684.029958774851
2626 684.06373659763
2627 684.097477125539
2628 684.131180414296
2629 684.164846519513
2630 684.198475496695
2631 684.232067401257
2632 684.265622288476
2633 684.29914021355
2634 684.332621231557
2635 684.366065397474
2636 684.39947276618
2637 684.432843392432
2638 684.466177330898
2639 684.499474636137
2640 684.532735362597
2641 684.565959564626
2642 684.599147296478
2643 684.632298612284
2644 684.665413566088
2645 684.698492211824
2646 684.731534603325
2647 684.764540794316
2648 684.797510838436
2649 684.8304447892
2650 684.863342700031
2651 684.89620462426
2652 684.929030615097
2653 684.961820725673
2654 684.994575008997
2655 685.02729351799
2656 685.059976305472
2657 685.092623424156
2658 685.125234926662
2659 685.157810865509
2660 685.190351293108
2661 685.222856261788
2662 685.255325823763
2663 685.287760031151
2664 685.320158935986
2665 685.352522590182
2666 685.38485104557
2667 685.417144353872
2668 685.449402566734
2669 685.481625735675
2670 685.513813912132
2671 685.545967147451
2672 685.578085492874
2673 685.61016899954
2674 685.642217718507
2675 685.674231700725
2676 685.706210997057
2677 685.738155658261
2678 685.770065735
2679 685.801941277854
2680 685.833782337297
2681 685.865588963711
2682 685.897361207386
2683 685.929099118516
2684 685.960802747198
2685 685.992472143439
2686 686.024107357152
2687 686.055708438156
2688 686.08727543618
2689 686.11880840085
2690 686.150307381712
2691 686.181772428212
2692 686.213203589703
2693 686.244600915456
2694 686.275964454634
2695 686.307294256319
2696 686.338590369503
2697 686.369852843078
2698 686.401081725856
2699 686.432277066549
2700 686.463438913783
2701 686.494567316089
2702 686.525662321916
2703 686.556723979623
2704 686.587752337459
2705 686.618747443612
2706 686.649709346163
2707 686.680638093109
2708 686.711533732361
2709 686.74239631173
2710 686.773225878957
2711 686.804022481669
2712 686.834786167436
2713 686.865516983722
2714 686.896214977895
2715 686.926880197253
2716 686.957512688995
2717 686.988112500248
2718 687.018679678023
2719 687.049214269283
2720 687.079716320868
2721 687.110185879561
2722 687.140622992036
2723 687.171027704896
2724 687.201400064655
2725 687.231740117731
2726 687.262047910473
2727 687.292323489136
2728 687.322566899889
2729 687.352778188821
2730 687.382957401928
2731 687.413104585136
2732 687.443219784279
2733 687.473303045097
2734 687.503354413263
2735 687.533373934357
2736 687.563361653876
2737 687.593317617238
2738 687.623241869777
2739 687.653134456737
2740 687.68299542329
2741 687.712824814512
2742 687.742622675417
2743 687.77238905092
2744 687.802123985859
2745 687.831827524991
2746 687.861499712987
2747 687.891140594449
2748 687.920750213878
2749 687.950328615716
2750 687.979875844306
2751 688.009391943925
2752 688.038876958752
2753 688.068330932911
2754 688.097753910425
2755 688.127145935232
2756 688.156507051218
2757 688.185837302157
2758 688.21513673178
2759 688.244405383698
2760 688.273643301481
2761 688.302850528594
2762 688.332027108429
2763 688.361173084307
2764 688.390288499466
2765 688.419373397066
2766 688.448427820189
2767 688.477451811837
2768 688.506445414943
2769 688.535408672354
2770 688.564341626838
2771 688.593244321096
2772 688.622116797739
2773 688.650959099313
2774 688.679771268287
2775 688.708553347044
2776 688.737305377899
2777 688.766027403082
2778 688.79471946476
2779 688.823381605022
2780 688.852013865863
2781 688.880616289226
2782 688.909188916973
2783 688.937731790878
2784 688.966244952656
2785 688.994728443934
2786 689.023182306286
2787 689.05160658119
2788 689.080001310048
2789 689.108366534201
2790 689.136702294914
2791 689.165008633383
2792 689.193285590712
2793 689.221533207951
2794 689.249751526065
2795 689.27794058595
2796 689.306100428427
2797 689.334231094255
2798 689.362332624103
2799 689.390405058575
2800 689.418448438214
2801 689.446462803475
2802 689.474448194743
2803 689.502404652339
2804 689.53033221651
2805 689.558230927431
2806 689.586100825198
2807 689.613941949849
2808 689.641754341334
2809 689.669538039557
2810 689.697293084333
2811 689.725019515402
2812 689.752717372461
2813 689.780386695089
2814 689.808027522849
2815 689.835639895195
2816 689.863223851533
2817 689.890779431188
2818 689.918306673417
2819 689.945805617412
2820 689.97327630229
2821 690.000718767107
2822 690.028133050852
2823 690.055519192426
2824 690.082877230681
2825 690.110207204384
2826 690.137509152265
2827 690.164783112946
2828 690.192029125001
2829 690.219247226947
2830 690.246437457207
2831 690.273599854165
2832 690.300734456107
2833 690.327841301281
2834 690.35492042785
2835 690.381971873915
2836 690.40899567751
2837 690.435991876605
2838 690.462960509098
2839 690.489901612822
2840 690.516815225551
2841 690.543701384983
2842 690.570560128756
2843 690.597391494443
2844 690.624195519542
2845 690.650972241505
2846 690.677721697694
2847 690.704443925423
2848 690.731138961936
2849 690.757806844415
2850 690.784447609964
2851 690.811061295645
2852 690.837647938432
2853 690.864207575254
2854 690.890740242961
2855 690.917245978353
2856 690.943724818145
2857 690.970176799018
2858 690.996601957564
2859 691.023000330318
2860 691.049371953755
2861 691.075716864292
2862 691.102035098273
2863 691.128326691974
2864 691.154591681629
2865 691.180830103393
2866 691.207041993354
2867 691.233227387557
2868 691.259386321962
2869 691.285518832488
2870 691.311624954984
2871 691.337704725225
2872 691.363758178933
2873 691.389785351783
2874 691.41578627936
2875 691.441760997216
2876 691.467709540824
2877 691.493631945593
2878 691.519528246884
2879 691.545398479993
2880 691.571242680152
2881 691.597060882533
2882 691.622853122247
2883 691.648619434347
2884 691.674359853825
2885 691.700074415621
2886 691.725763154591
2887 691.751426105553
2888 691.77706330326
2889 691.802674782413
2890 691.828260577628
2891 691.853820723492
2892 691.879355254512
2893 691.904864205145
2894 691.930347609791
2895 691.955805502781
2896 691.981237918399
2897 692.006644890868
2898 692.032026454335
2899 692.057382642918
2900 692.082713490657
2901 692.108019031533
2902 692.133299299484
2903 692.158554328374
2904 692.183784152018
2905 692.208988804177
2906 692.234168318545
2907 692.259322728758
2908 692.284452068403
2909 692.30955637101
2910 692.334635670047
2911 692.359689998919
2912 692.38471939099
2913 692.409723879552
2914 692.434703497855
2915 692.459658279075
2916 692.484588256353
2917 692.509493462753
2918 692.534373931294
2919 692.559229694941
2920 692.584060786598
2921 692.608867239108
2922 692.633649085274
2923 692.658406357834
2924 692.683139089465
2925 692.707847312797
2926 692.732531060408
2927 692.757190364813
2928 692.781825258464
2929 692.80643577379
2930 692.831021943127
2931 692.855583798782
2932 692.880121372996
2933 692.904634697954
2934 692.929123805807
2935 692.953588728617
2936 692.978029498429
2937 693.002446147206
2938 693.026838706874
2939 693.051207209293
2940 693.075551686274
2941 693.099872169589
2942 693.124168690931
2943 693.148441281954
2944 693.172689974263
2945 693.196914799398
2946 693.221115788861
2947 693.245292974089
2948 693.269446386464
2949 693.29357605733
2950 693.317682017961
2951 693.341764299593
2952 693.365822933408
2953 693.389857950531
2954 693.413869382024
2955 693.43785725892
2956 693.461821612194
2957 693.48576247275
2958 693.509679871468
2959 693.533573839159
2960 693.557444406585
2961 693.581291604462
2962 693.605115463447
2963 693.628916014154
2964 693.652693287148
2965 693.676447312931
2966 693.700178121957
2967 693.723885744642
2968 693.747570211339
2969 693.771231552349
2970 693.794869797939
2971 693.818484978304
2972 693.842077123608
2973 693.865646263954
2974 693.889192429391
2975 693.912715649928
2976 693.936215955522
2977 693.959693376082
2978 693.983147941461
2979 694.006579681469
2980 694.029988625859
2981 694.053374804348
2982 694.076738246589
2983 694.100078982189
2984 694.123397040714
2985 694.146692451687
2986 694.169965244553
2987 694.193215448737
2988 694.216443093606
2989 694.239648208479
2990 694.262830822622
2991 694.285990965264
2992 694.309128665566
2993 694.33224395267
2994 694.355336855638
2995 694.378407403506
2996 694.401455625259
2997 694.424481549827
2998 694.447485206097
2999 694.470466622909
3000 694.493425829065
3001 694.516362853295
3002 694.539277724295
3003 694.562170470725
3004 694.585041121186
3005 694.607889704239
3006 694.630716248379
3007 694.653520782083
3008 694.676303333758
3009 694.699063931785
3010 694.721802604475
3011 694.744519380115
3012 694.767214286926
3013 694.789887353099
3014 694.812538606766
3015 694.835168076033
3016 694.857775788935
3017 694.880361773478
3018 694.902926057611
3019 694.925468669252
3020 694.947989636263
3021 694.970488986457
3022 694.992966747613
3023 695.015422947454
3024 695.037857613674
3025 695.060270773899
3026 695.082662455724
3027 695.105032686706
3028 695.127381494333
3029 695.149708906079
3030 695.17201494935
3031 695.194299651516
3032 695.216563039903
3033 695.238805141793
3034 695.261025984423
3035 695.283225594985
3036 695.305404000621
3037 695.32756122844
3038 695.34969730551
3039 695.371812258834
3040 695.393906115391
3041 695.415978902108
3042 695.438030645879
3043 695.460061373537
3044 695.482071111888
3045 695.504059887675
3046 695.526027727628
3047 695.547974658397
3048 695.569900706625
3049 695.591805898889
3050 695.613690261726
3051 695.635553821634
3052 695.657396605075
3053 695.679218638457
3054 695.701019948143
3055 695.722800560471
3056 695.744560501719
3057 695.766299798131
3058 695.788018475911
3059 695.809716561213
3060 695.831394080155
3061 695.853051058813
3062 695.874687523216
3063 695.896303499358
3064 695.917899013185
3065 695.939474090609
3066 695.961028757492
3067 695.982563039657
3068 696.004076962892
3069 696.025570552941
3070 696.047043835493
3071 696.068496836212
3072 696.089929580724
3073 696.111342094599
3074 696.13273440338
3075 696.154106532558
3076 696.175458507584
3077 696.196790353883
3078 696.218102096821
3079 696.239393761732
3080 696.260665373907
3081 696.28191695861
3082 696.303148541039
3083 696.324360146373
3084 696.345551799749
3085 696.366723526245
3086 696.387875350926
3087 696.409007298799
3088 696.430119394841
3089 696.451211663981
3090 696.472284131106
3091 696.493336821088
3092 696.514369758718
3093 696.535382968785
3094 696.556376476025
3095 696.57735030513
3096 696.598304480757
3097 696.619239027522
3098 696.640153970014
3099 696.661049332762
3100 696.681925140271
3101 696.702781417009
3102 696.723618187386
3103 696.744435475802
3104 696.76523330659
3105 696.786011704074
3106 696.806770692511
3107 696.827510296138
3108 696.848230539137
3109 696.868931445675
3110 696.889613039871
3111 696.910275345792
3112 696.930918387488
3113 696.951542188955
3114 696.972146774167
3115 696.992732167042
3116 697.013298391475
3117 697.033845471313
3118 697.054373430375
3119 697.074882292434
3120 697.095372081239
3121 697.11584282048
3122 697.136294533829
3123 697.156727244914
3124 697.177140977318
3125 697.197535754604
3126 697.217911600285
3127 697.238268537846
3128 697.258606590716
3129 697.278925782315
3130 697.299226136009
3131 697.319507675136
3132 697.339770422976
3133 697.360014402807
3134 697.380239637845
3135 697.400446151276
3136 697.420633966257
3137 697.440803105897
3138 697.460953593278
3139 697.48108545144
3140 697.501198703395
3141 697.521293372107
3142 697.541369480514
3143 697.561427051515
3144 697.581466107977
3145 697.601486672725
3146 697.621488768551
3147 697.641472418208
3148 697.661437644425
3149 697.681384469883
3150 697.701312917235
3151 697.721223009098
3152 697.741114768052
3153 697.760988216638
3154 697.780843377368
3155 697.800680272719
3156 697.820498925133
3157 697.840299357008
3158 697.860081590722
3159 697.87984564861
3160 697.899591552972
3161 697.919319326077
3162 697.939028990156
3163 697.958720567407
3164 697.978394079994
3165 697.998049550045
3166 698.01768699965
3167 698.037306450881
3168 698.056907925759
3169 698.076491446278
3170 698.096057034397
3171 698.11560471204
3172 698.135134501093
3173 698.154646423421
3174 698.174140500844
3175 698.193616755154
3176 698.213075208105
3177 698.232515881412
3178 698.25193879678
3179 698.271343975858
3180 698.290731440267
3181 698.31010121159
3182 698.329453311399
3183 698.348787761203
3184 698.368104582496
3185 698.387403796734
3186 698.406685425341
3187 698.425949489709
3188 698.445196011196
3189 698.464425011123
3190 698.483636510793
3191 698.502830531449
3192 698.522007094336
3193 698.541166220632
3194 698.560307931515
3195 698.5794322481
3196 698.598539191495
3197 698.617628782759
3198 698.63670104293
3199 698.655755993006
3200 698.674793653954
3201 698.693814046712
3202 698.712817192184
3203 698.731803111241
3204 698.75077182473
3205 698.769723353451
3206 698.78865771819
3207 698.807574939682
3208 698.826475038648
3209 698.845358035775
3210 698.864223951698
3211 698.883072807052
3212 698.901904622412
3213 698.920719418346
3214 698.939517215373
3215 698.958298033983
3216 698.97706189465
3217 698.995808817791
3218 699.01453882382
3219 699.0332519331
3220 699.051948165973
3221 699.070627542741
3222 699.089290083687
3223 699.107935809049
3224 699.126564739051
3225 699.145176893872
3226 699.163772293675
3227 699.18235095857
3228 699.200912908659
3229 699.219458164006
3230 699.237986744642
3231 699.256498670562
3232 699.274993961744
3233 699.293472638131
3234 699.311934719628
3235 699.330380226126
3236 699.348809177464
3237 699.367221593476
3238 699.385617493946
3239 699.403996898634
3240 699.422359827274
3241 699.440706299569
3242 699.459036335193
3243 699.477349953779
3244 699.495647174956
3245 699.513928018292
3246 699.53219250335
3247 699.55044064965
3248 699.568672476689
3249 699.586888003932
3250 699.605087250809
3251 699.623270236744
3252 699.641436981102
3253 699.659587503235
3254 699.677721822459
3255 699.695839958072
3256 699.713941929337
3257 699.732027755473
3258 699.750097455707
3259 699.76815104919
3260 699.786188555086
3261 699.804209992502
3262 699.822215380537
3263 699.840204738243
3264 699.858178084655
3265 699.876135438784
3266 699.894076819595
3267 699.912002246039
3268 699.929911737036
3269 699.947805311479
3270 699.965682988215
3271 699.983544786106
3272 700.001390723927
3273 700.019220820471
3274 700.037035094493
3275 700.054833564703
3276 700.072616249804
3277 700.090383168454
3278 700.108134339295
3279 700.12586978094
3280 700.143589511966
3281 700.161293550935
3282 700.178981916368
3283 700.196654626766
3284 700.214311700603
3285 700.231953156323
3286 700.249579012352
3287 700.267189287064
3288 700.284783998833
3289 700.30236316599
3290 700.319926806844
3291 700.337474939678
3292 700.355007582741
3293 700.37252475427
3294 700.390026472457
3295 700.407512755477
3296 700.42498362147
3297 700.442439088565
3298 700.459879174853
3299 700.477303898393
3300 700.494713277225
3301 700.51210732937
3302 700.5294860728
3303 700.546849525488
3304 700.564197705363
3305 700.581530630318
3306 700.598848318248
3307 700.616150786995
3308 700.633438054388
3309 700.650710138241
3310 700.667967056311
3311 700.685208826352
3312 700.702435466088
3313 700.719646993216
3314 700.736843425399
3315 700.754024780279
3316 700.771191075489
3317 700.788342328602
3318 700.805478557199
3319 700.822599778807
3320 700.839706010955
3321 700.856797271115
3322 700.873873576765
3323 700.890934945329
3324 700.907981394231
3325 700.925012940845
3326 700.942029602543
3327 700.959031396648
3328 700.97601834048
3329 700.992990451321
3330 701.009947746429
3331 701.026890243036
3332 701.043817958351
3333 701.060730909554
3334 701.077629113813
3335 701.09451258825
3336 701.111381349979
3337 701.128235416083
3338 701.145074803619
3339 701.16189952962
3340 701.178709611086
3341 701.195505065017
3342 701.212285908362
3343 701.22905215805
3344 701.245803831003
3345 701.262540944092
3346 701.279263514183
3347 701.295971558112
3348 701.312665092686
3349 701.329344134698
3350 701.346008700903
3351 701.362658808041
3352 701.379294472826
3353 701.395915711949
3354 701.412522542061
3355 701.429114979822
3356 701.445693041837
3357 701.462256744696
3358 701.478806104971
3359 701.495341139209
3360 701.511861863918
3361 701.528368295605
3362 701.544860450743
3363 701.561338345766
3364 701.577801997116
3365 701.594251421183
3366 701.610686634339
3367 701.627107652946
3368 701.643514493331
3369 701.659907171797
3370 701.676285704633
3371 701.692650108086
3372 701.709000398397
3373 701.725336591781
3374 701.741658704419
3375 701.757966752473
3376 701.774260752099
3377 701.790540719401
3378 701.806806670482
3379 701.823058621415
3380 701.839296588233
3381 701.855520586977
3382 701.87173063364
3383 701.887926744204
3384 701.90410893463
3385 701.920277220848
3386 701.936431618758
3387 701.952572144261
3388 701.968698813217
3389 701.984811641467
3390 702.000910644824
3391 702.016995839096
3392 702.033067240043
3393 702.049124863423
3394 702.065168724966
3395 702.081198840373
3396 702.09721522533
3397 702.113217895487
3398 702.1292068665
3399 702.145182153971
3400 702.161143773498
3401 702.177091740653
3402 702.193026070974
3403 702.208946780002
3404 702.224853883233
3405 702.240747396149
3406 702.256627334211
3407 702.272493712856
3408 702.288346547501
3409 702.304185853535
3410 702.320011646337
3411 702.335823941251
3412 702.351622753605
3413 702.3674080987
3414 702.383179991827
3415 702.398938448249
3416 702.414683483199
3417 702.430415111901
3418 702.44613334955
3419 702.461838211325
3420 702.477529712367
3421 702.493207867823
3422 702.508872692799
3423 702.524524202372
3424 702.540162411625
3425 702.555787335596
3426 702.571398989318
3427 702.586997387785
3428 702.60258254598
3429 702.618154478865
3430 702.633713201382
3431 702.649258728451
3432 702.664791074962
3433 702.680310255786
3434 702.695816285798
3435 702.711309179813
3436 702.726788952645
3437 702.742255619102
3438 702.757709193936
3439 702.773149691906
3440 702.788577127735
3441 702.803991516138
3442 702.819392871797
3443 702.834781209381
3444 702.850156543539
3445 702.865518888888
3446 702.880868260043
3447 702.896204671569
3448 702.911528138061
3449 702.926838674021
3450 702.942136294002
3451 702.957421012494
3452 702.972692843985
3453 702.987951802918
3454 703.003197903758
3455 703.018431160901
3456 703.033651588767
3457 703.048859201719
3458 703.064054014128
3459 703.079236040322
3460 703.094405294634
3461 703.109561791346
3462 703.124705544749
3463 703.139836569089
3464 703.154954878626
3465 703.170060487556
3466 703.185153410078
3467 703.200233660386
3468 703.215301252632
3469 703.230356200953
3470 703.245398519459
3471 703.26042822227
3472 703.275445323439
3473 703.290449837044
3474 703.305441777124
3475 703.320421157694
3476 703.335387992751
3477 703.350342296277
3478 703.365284082239
3479 703.380213364577
3480 703.395130157212
3481 703.410034474045
3482 703.42492632896
3483 703.439805735825
3484 703.454672708476
3485 703.469527260747
3486 703.484369406439
3487 703.49919915934
3488 703.514016533214
3489 703.528821541816
3490 703.543614198868
3491 703.558394518086
3492 703.573162513156
3493 703.587918197748
3494 703.602661585521
3495 703.617392690104
3496 703.632111525115
3497 703.64681810415
3498 703.661512440778
3499 703.67619454856
3500 703.690864441037
3501 703.705522131731
3502 703.720167634142
3503 703.734800961755
3504 703.749422128024
3505 703.764031146406
3506 703.77862803032
3507 703.793212793175
3508 703.807785448358
3509 703.822346009256
3510 703.836894489193
3511 703.851430901528
3512 703.865955259566
3513 703.880467576599
3514 703.894967865912
3515 703.909456140763
3516 703.923932414396
3517 703.938396700026
3518 703.952849010867
3519 703.967289360109
3520 703.981717760904
3521 703.996134226417
3522 704.010538769771
3523 704.024931404093
3524 704.039312142463
3525 704.053680997969
3526 704.068037983663
3527 704.082383112596
3528 704.096716397784
3529 704.111037852234
3530 704.12534748894
3531 704.139645320866
3532 704.153931360965
3533 704.168205622171
3534 704.182468117404
3535 704.19671885956
3536 704.210957861516
3537 704.225185136142
3538 704.239400696277
3539 704.253604554752
3540 704.267796724382
3541 704.281977217952
3542 704.296146048241
3543 704.310303228005
3544 704.324448769986
3545 704.338582686903
3546 704.35270499146
3547 704.366815696351
3548 704.380914814242
3549 704.395002357787
3550 704.409078339621
3551 704.423142772358
3552 704.437195668612
3553 704.451237040949
3554 704.465266901946
3555 704.479285264157
3556 704.4932921401
3557 704.5072875423
3558 704.52127148325
3559 704.535243975437
3560 704.549205031318
3561 704.56315466334
3562 704.577092883938
3563 704.59101970552
3564 704.604935140486
3565 704.618839201211
3566 704.632731900049
3567 704.646613249365
3568 704.660483261471
3569 704.674341948689
3570 704.688189323304
3571 704.702025397599
3572 704.715850183834
3573 704.729663694255
3574 704.743465941091
3575 704.75725693655
3576 704.771036692824
3577 704.784805222096
3578 704.798562536531
3579 704.812308648262
3580 704.826043569428
3581 704.839767312137
3582 704.853479888486
3583 704.867181310552
3584 704.8808715904
3585 704.894550740073
3586 704.908218771604
3587 704.921875697011
3588 704.935521528282
3589 704.949156277405
3590 704.962779956337
3591 704.976392577033
3592 704.989994151428
3593 705.003584691434
3594 705.017164208949
3595 705.030732715865
3596 705.044290224041
3597 705.057836745341
3598 705.07137229159
3599 705.084896874614
3600 705.098410506211
3601 705.111913198169
3602 705.125404962269
3603 705.138885810261
3604 705.152355753892
3605 705.165814804878
3606 705.179262974932
3607 705.192700275747
3608 705.206126718996
3609 705.219542316349
3610 705.232947079443
3611 705.246341019916
3612 705.259724149377
3613 705.273096479423
3614 705.286458021646
3615 705.299808787606
3616 705.31314878886
3617 705.326478036938
3618 705.339796543363
3619 705.353104319652
3620 705.366401377282
3621 705.379687727733
3622 705.392963382458
3623 705.406228352911
3624 705.419482650515
3625 705.432726286683
3626 705.445959272814
3627 705.459181620291
3628 705.472393340479
3629 705.48559444473
3630 705.498784944389
3631 705.51196485077
3632 705.525134175183
3633 705.538292928917
3634 705.551441123245
3635 705.56457876944
3636 705.577705878733
3637 705.590822462363
3638 705.603928531554
3639 705.617024097499
3640 705.630109171383
3641 705.643183764379
3642 705.656247887649
3643 705.669301552327
3644 705.682344769535
3645 705.6953775504
3646 705.708399906004
3647 705.721411847439
3648 705.73441338577
3649 705.747404532046
3650 705.760385297319
3651 705.773355692589
3652 705.786315728885
3653 705.799265417191
3654 705.812204768487
3655 705.825133793739
3656 705.838052503902
3657 705.850960909905
3658 705.863859022669
3659 705.876746853104
3660 705.889624412104
3661 705.90249171054
3662 705.91534875928
3663 705.928195569169
3664 705.941032151048
3665 705.953858515725
3666 705.966674674024
3667 705.979480636718
3668 705.992276414597
3669 706.005062018413
3670 706.017837458922
3671 706.030602746856
3672 706.04335789294
3673 706.056102907872
3674 706.068837802344
3675 706.081562587038
3676 706.094277272616
3677 706.106981869731
3678 706.119676389013
3679 706.132360841077
3680 706.145035236544
3681 706.157699586003
3682 706.170353900029
3683 706.182998189189
3684 706.195632464042
3685 706.208256735107
3686 706.220871012924
3687 706.233475307992
3688 706.246069630821
3689 706.258653991881
3690 706.27122840164
3691 706.283792870556
3692 706.296347409071
3693 706.308892027611
3694 706.321426736583
3695 706.333951546399
3696 706.346466467436
3697 706.358971510065
3698 706.371466684647
3699 706.383952001523
3700 706.396427471029
3701 706.408893103483
3702 706.421348909194
3703 706.433794898439
3704 706.446231081502
3705 706.458657468646
3706 706.471074070125
3707 706.483480896174
3708 706.495877957016
3709 706.508265262856
3710 706.520642823899
3711 706.533010650328
3712 706.545368752301
3713 706.55771713998
3714 706.570055823519
3715 706.582384813041
3716 706.594704118655
3717 706.607013750473
3718 706.619313718579
3719 706.631604033059
3720 706.643884703974
3721 706.656155741375
3722 706.668417155297
3723 706.680668955756
3724 706.692911152784
3725 706.705143756364
3726 706.717366776483
3727 706.729580223121
3728 706.741784106233
3729 706.753978435764
3730 706.76616322165
3731 706.778338473807
3732 706.790504202145
3733 706.802660416559
3734 706.814807126938
3735 706.826944343141
3736 706.839072075023
3737 706.851190332434
3738 706.863299125203
3739 706.875398463149
3740 706.887488356069
3741 706.899568813766
3742 706.911639846014
3743 706.923701462579
3744 706.935753673219
3745 706.947796487672
3746 706.959829915669
3747 706.97185396692
3748 706.983868651139
3749 706.99587397801
3750 707.007869957213
3751 707.019856598418
3752 707.03183391127
3753 707.043801905417
3754 707.055760590483
3755 707.067709976089
3756 707.079650071839
3757 707.091580887317
3758 707.103502432104
3759 707.115414715768
3760 707.127317747871
3761 707.13921153794
3762 707.151096095515
3763 707.162971430107
3764 707.174837551221
3765 707.186694468354
3766 707.198542190986
3767 707.210380728579
3768 707.222210090595
3769 707.234030286474
3770 707.245841325651
3771 707.257643217538
3772 707.269435971547
3773 707.281219597075
3774 707.292994103506
3775 707.304759500201
3776 707.316515796534
3777 707.328263001844
3778 707.340001125457
3779 707.351730176707
3780 707.363450164904
3781 707.375161099341
3782 707.386862989307
3783 707.398555844084
3784 707.410239672923
3785 707.421914485084
3786 707.433580289805
3787 707.445237096309
3788 707.456884913817
3789 707.46852375153
3790 707.480153618638
3791 707.491774524329
3792 707.50338647776
3793 707.5149894881
3794 707.526583564477
3795 707.538168716038
3796 707.549744951902
3797 707.561312281185
3798 707.572870712968
3799 707.584420256351
3800 707.595960920407
3801 707.607492714199
3802 707.619015646773
3803 707.630529727179
3804 707.642034964436
3805 707.653531367568
3806 707.665018945576
3807 707.676497707459
3808 707.687967662193
3809 707.699428818759
3810 707.710881186106
3811 707.722324773189
3812 707.733759588942
3813 707.745185642292
3814 707.756602942155
3815 707.76801149743
3816 707.779411317012
3817 707.790802409773
3818 707.802184784595
3819 707.813558450327
3820 707.824923415814
3821 707.836279689897
3822 707.847627281397
3823 707.858966199124
3824 707.870296451881
3825 707.881618048463
3826 707.892930997642
3827 707.904235308188
3828 707.915530988865
3829 707.926818048414
3830 707.938096495562
3831 707.94936633904
3832 707.960627587552
3833 707.971880249816
3834 707.983124334509
3835 707.994359850319
3836 708.005586805901
3837 708.016805209929
3838 708.028015071033
3839 708.039216397865
3840 708.050409199041
3841 708.061593483173
3842 708.072769258866
3843 708.083936534709
3844 708.095095319287
3845 708.106245621176
3846 708.117387448916
3847 708.128520811081
3848 708.139645716186
3849 708.150762172774
3850 708.161870189351
3851 708.17296977443
3852 708.184060936498
3853 708.19514368405
3854 708.206218025549
3855 708.217283969459
3856 708.228341524243
3857 708.23939069832
3858 708.250431500141
3859 708.261463938123
3860 708.272488020673
3861 708.283503756182
3862 708.29451115305
3863 708.305510219646
3864 708.316500964343
3865 708.327483395499
3866 708.338457521453
3867 708.349423350552
3868 708.360380891116
3869 708.371330151452
3870 708.382271139872
3871 708.393203864671
3872 708.40412833413
3873 708.415044556524
3874 708.425952540115
3875 708.436852293153
3876 708.447743823879
3877 708.458627140534
3878 708.469502251331
3879 708.480369164485
3880 708.491227888192
3881 708.502078430653
3882 708.512920800033
3883 708.52375500452
3884 708.534581052261
3885 708.545398951402
3886 708.5562087101
3887 708.567010336472
3888 708.577803838638
3889 708.588589224707
3890 708.599366502783
3891 708.610135680948
3892 708.620896767288
3893 708.63164976987
3894 708.642394696742
3895 708.65313155597
3896 708.663860355577
3897 708.674581103597
3898 708.685293808057
3899 708.695998476951
3900 708.706695118289
3901 708.717383740053
3902 708.728064350217
3903 708.738736956763
3904 708.749401567647
3905 708.760058190802
3906 708.77070683419
3907 708.781347505723
3908 708.791980213329
3909 708.80260496491
3910 708.813221768374
3911 708.823830631607
3912 708.834431562489
3913 708.845024568881
3914 708.855609658659
3915 708.866186839674
3916 708.876756119752
3917 708.887317506732
3918 708.897871008434
3919 708.908416632673
3920 708.918954387249
3921 708.929484279959
3922 708.940006318579
3923 708.950520510881
3924 708.961026864636
3925 708.971525387591
3926 708.982016087498
3927 708.992498972078
3928 709.002974049073
3929 709.013441326188
3930 709.023900811132
3931 709.034352511601
3932 709.044796435287
3933 709.05523258986
3934 709.065660982987
3935 709.076081622337
3936 709.086494515549
3937 709.096899670264
3938 709.107297094124
3939 709.117686794732
3940 709.128068779708
3941 709.13844305666
3942 709.148809633171
3943 709.159168516828
3944 709.169519715204
3945 709.179863235869
3946 709.19019908637
3947 709.20052727426
3948 709.210847807078
3949 709.22116069234
3950 709.231465937569
3951 709.241763550281
3952 709.25205353797
3953 709.262335908127
3954 709.27261066823
3955 709.282877825757
3956 709.293137388169
3957 709.30338936292
3958 709.313633757454
3959 709.323870579207
3960 709.334099835604
3961 709.344321534066
3962 709.354535682
3963 709.364742286797
3964 709.374941355857
3965 709.385132896564
3966 709.395316916276
3967 709.405493422372
3968 709.41566242219
3969 709.425823923083
3970 709.435977932394
3971 709.446124457434
3972 709.456263505537
3973 709.466395084001
3974 709.476519200128
3975 709.486635861217
3976 709.496745074537
3977 709.506846847378
3978 709.516941186984
3979 709.527028100624
3980 709.537107595547
3981 709.547179678986
3982 709.557244358172
3983 709.567301640315
3984 709.577351532649
3985 709.587394042354
3986 709.597429176638
3987 709.607456942672
3988 709.617477347651
3989 709.627490398733
3990 709.637496103068
3991 709.64749446783
3992 709.657485500133
3993 709.66746920713
3994 709.677445595932
3995 709.687414673659
3996 709.697376447426
3997 709.707330924315
3998 709.717278111434
3999 709.727218015852
4000 709.737150644646
