# Created by COMSOL Multiphysics.

# Major & minor version
0 1 
1 # number of tags
# Tags
5 mesh1 
1 # number of types
# Types
3 obj 

# --------- Object 0 ----------

0 0 1 
4 Mesh # class
4 # version
2 # sdim
110 # number of mesh points
0 # lowest mesh point index

# Mesh point coordinates
-0.01 -0.01 
-0.010000000000000002 -0.0080000000000000002 
-0.0047140433940577693 -0.0047140470217621657 
-0.0080000000000000019 -0.01 
-0.01 -0.0060000000000000001 
-0.0055431288785192483 -0.003703804352361281 
-0.0079335074909617498 -0.0078015698278969215 
-0.0062756607763036019 -0.0054011658718981859 
-0.0037038000866351176 -0.0055431317287870877 
-0.0060000000000000001 -0.01 
-0.0080921520763768927 -0.0058035600889389614 
-0.0069127415930697834 -0.0039520095828650742 
-0.01 -0.0039999999999999983 
-0.0061591953910795725 -0.0025512264852318753 
-0.0054613173748153951 -0.0073377467337450977 
-0.0025512217454015836 -0.0061591973543826751 
-0.0040000000000000018 -0.01 
-0.0082216577687804614 -0.0039817025161593602 
-0.0068052849173629183 -0.0028337902664483084 
-0.0099999999999999985 -0.0019999999999999974 
-0.0065385671183550145 -0.0013006092738447757 
-0.0033766750728634262 -0.0079468426413223051 
-0.0013006012880760385 -0.0065385687068271591 
-0.0020000000000000018 -0.01 
-0.007960890564591195 -0.0020618959473391678 
-0.01 1.7347234759768071e-18 
-0.0066666666666666662 0 
-0.0016615941434842375 -0.0081923165203864317 
0 -0.0066666666666666662 
-1.7347234759768071e-18 -0.01 
-0.0082195245096723848 -7.899852313605347e-05 
-0.01 0.0020000000000000018 
-0.0065385687068271591 0.0013006012880760385 
-1.072313287515379e-06 -0.0082645710207810818 
0.0013006092738447757 -0.0065385671183550145 
0.0019999999999999974 -0.0099999999999999985 
-0.0081841593113100245 0.0016405938330278662 
-0.01 0.0040000000000000018 
-0.0061591973543826751 0.0025512217454015836 
0.0016558512037430312 -0.0081929836839219426 
0.0025512264852318753 -0.0061591953910795725 
0.0039999999999999983 -0.01 
-0.0079490742995045847 0.0033449457178034458 
-0.01 0.0060000000000000001 
-0.0055431317287870877 0.0037038000866351176 
0.0033478993695722288 -0.0079507805601295202 
0.003703804352361281 -0.0055431288785192483 
0.0060000000000000001 -0.01 
-0.01 0.0080000000000000019 
-0.0073578061197936712 0.0053130944582852032 
-0.0047140470217621657 0.0047140433940577693 
0.0047140470217621657 -0.0047140433940577693 
0.0053135810733416274 -0.0073580852467311697 
0.0080000000000000002 -0.010000000000000002 
-0.01 0.01 
-0.007735976503400294 0.00773592786461977 
-0.0057615934896669951 0.0057615275925665364 
-0.003703804352361281 0.0055431288785192483 
0.0055431317287870877 -0.0037038000866351176 
0.0057616766621545476 -0.0057616760583677805 
0.0077360401060447507 -0.0077360413957343844 
0.01 -0.01 
-0.0080000000000000002 0.010000000000000002 
-0.0053135499557233554 0.0073580202414193045 
-0.0025512264852318753 0.0061591953910795725 
0.0061591973543826751 -0.0025512217454015836 
0.0073580864912441025 -0.0053135854724735273 
0.01 -0.0080000000000000019 
-0.0060000000000000001 0.01 
-0.0033479321510659675 0.0079507728596953046 
-0.0013006092738447757 0.0065385671183550145 
0.0065385687068271591 -0.0013006012880760385 
0.0079507862948360371 -0.0033479354803724786 
0.01 -0.0060000000000000001 
-0.0039999999999999983 0.01 
-0.0016560571559945836 0.0081930076202513247 
0 0.0066666666666666662 
0.0066666666666666662 0 
0.0081930095816273342 -0.0016560482192077197 
0.01 -0.0040000000000000018 
-0.0019999999999999974 0.0099999999999999985 
-2.9806345822709293e-09 0.0082647072934877632 
0.0013006012880760385 0.0065385687068271591 
0.0065385671183550145 0.0013006092738447757 
0.008264704516086319 1.0210204064628992e-08 
0.01 -0.0020000000000000018 
1.7347234759768071e-18 0.01 
0.001656056720042848 0.0081930185108963754 
0.0025512217454015836 0.0061591973543826751 
0.0047140433940577693 0.0047140470217621657 
0.0061591953910795725 0.0025512264852318753 
0.0081930083809661821 0.0016560655135011663 
0.01 -1.7347234759768071e-18 
0.0020000000000000018 0.01 
0.003347937115753416 0.0079507882221564064 
0.0037038000866351176 0.0055431317287870877 
0.0057616762338103152 0.0057616789539641187 
0.0055431288785192483 0.003703804352361281 
0.0079507853158628169 0.0033479408656065476 
0.0099999999999999985 0.0019999999999999974 
0.0040000000000000018 0.01 
0.005313585693670065 0.0073580878410170313 
0.0073580859135978574 0.0053135880757665269 
0.01 0.0039999999999999983 
0.0060000000000000001 0.01 
0.0077360408372929707 0.0077360425512655795 
0.01 0.0060000000000000001 
0.0080000000000000019 0.01 
0.010000000000000002 0.0080000000000000002 
0.01 0.01 

3 # number of element types

# Type #0

3 vtx # type name


1 # number of nodes per element
8 # number of elements
# Elements
0 
26 
28 
54 
61 
76 
77 
109 

8 # number of geometric entity indices
# Geometric entity indices
0 
2 
3 
1 
6 
4 
5 
7 

# Type #1

3 edg # type name


2 # number of nodes per element
72 # number of elements
# Elements
0 1 
3 0 
1 4 
5 2 
2 8 
9 3 
4 12 
13 5 
8 15 
16 9 
12 19 
20 13 
15 22 
23 16 
19 25 
26 20 
22 28 
29 23 
25 31 
32 26 
28 34 
35 29 
31 37 
38 32 
34 40 
41 35 
37 43 
44 38 
40 46 
47 41 
43 48 
50 44 
46 51 
53 47 
48 54 
57 50 
51 58 
61 53 
54 62 
64 57 
58 65 
67 61 
62 68 
70 64 
65 71 
73 67 
68 74 
76 70 
71 77 
79 73 
74 80 
82 76 
77 83 
85 79 
80 86 
88 82 
83 90 
92 85 
86 93 
89 95 
95 88 
90 97 
97 89 
99 92 
93 100 
103 99 
100 104 
106 103 
104 107 
108 106 
107 109 
109 108 

72 # number of geometric entity indices
# Geometric entity indices
0 
1 
0 
4 
4 
1 
0 
4 
4 
1 
0 
4 
4 
1 
0 
4 
4 
1 
0 
5 
6 
1 
0 
5 
6 
1 
0 
5 
6 
1 
0 
5 
6 
1 
0 
5 
6 
1 
2 
5 
6 
3 
2 
5 
6 
3 
2 
5 
6 
3 
2 
7 
7 
3 
2 
7 
7 
3 
2 
7 
7 
7 
7 
3 
2 
3 
2 
3 
2 
3 
2 
3 

# Type #2

4 quad # type name


4 # number of nodes per element
74 # number of elements
# Elements
1 0 6 3 
4 1 10 6 
5 11 2 7 
2 7 8 14 
6 3 14 9 
7 10 14 6 
17 12 10 4 
11 17 7 10 
18 11 13 5 
8 14 15 21 
16 21 9 14 
17 24 12 19 
18 24 11 17 
18 13 24 20 
15 21 22 27 
23 27 16 21 
20 26 24 30 
30 25 24 19 
22 27 28 33 
27 23 33 29 
26 32 30 36 
36 31 30 25 
34 28 39 33 
39 33 35 29 
38 42 32 36 
31 36 37 42 
40 34 45 39 
35 41 39 45 
44 49 38 42 
37 42 43 49 
46 40 52 45 
41 47 45 52 
55 48 49 43 
56 49 50 44 
59 51 52 46 
60 52 53 47 
48 55 54 62 
56 50 63 57 
56 63 49 55 
59 66 51 58 
59 52 66 60 
53 61 60 67 
55 63 62 68 
57 64 63 69 
58 66 65 72 
60 67 66 73 
74 68 69 63 
64 70 69 75 
65 72 71 78 
79 72 73 66 
80 74 75 69 
70 76 75 81 
71 78 77 84 
85 78 79 72 
75 81 80 86 
82 87 76 81 
83 77 91 84 
78 85 84 92 
87 93 81 86 
88 94 82 87 
90 83 98 91 
91 84 99 92 
93 87 100 94 
95 101 88 94 
96 101 89 95 
97 90 102 98 
96 89 102 97 
99 103 91 98 
100 94 104 101 
96 102 101 105 
103 106 98 102 
105 107 101 104 
105 102 108 106 
108 109 105 107 

74 # number of geometric entity indices
# Geometric entity indices
1 
1 
1 
1 
1 
1 
1 
1 
1 
1 
1 
1 
1 
1 
1 
1 
1 
1 
1 
1 
1 
1 
1 
1 
1 
1 
1 
1 
1 
1 
1 
1 
1 
1 
1 
1 
1 
1 
1 
1 
1 
1 
1 
1 
1 
1 
1 
1 
1 
1 
1 
1 
1 
1 
1 
1 
1 
1 
1 
1 
1 
1 
1 
1 
1 
1 
1 
1 
1 
1 
1 
1 
1 
1 
