# Created by COMSOL Multiphysics.

# Major & minor version
0 1 
1 # number of tags
# Tags
5 mesh1 
1 # number of types
# Types
3 obj 

# --------- Object 0 ----------

0 0 1 
4 Mesh # class
4 # version
2 # sdim
457 # number of mesh points
0 # lowest mesh point index

# Mesh point coordinates
0.0062500000000000003 0.01 
0.0087500000000000008 0.01 
0.01 0.0087499999999999991 
0.0025000000000000001 0.01 
0.0050000000000000001 0.01 
0.0074999999999999997 0.01 
0.0052767459335872329 0.0086024015737247994 
0.01 0.01 
0.0073554915916213296 0.0084662630778508923 
0.01 0.007499999999999998 
0.0084662630778508923 0.0073554915916213262 
0.01 0.0024999999999999935 
0.0037499999999999999 0.01 
0.00125 0.01 
0.0021188628731444782 0.0087259816063472266 
0.0042283542814703567 0.0086548494193612342 
0.0063194628277906204 0.0085393369909788925 
0.0043034918671744646 0.0072048031474495977 
0.01 0.0062499999999999969 
0.0083838834764831845 0.0083838834764831879 
0.0059609831832426541 0.0069325261557017801 
0.0085393369909788925 0.0063194628277906178 
0.0069325261557017792 0.0059609831832426524 
0.01 0.0037499999999999947 
0.0087259816063472283 0.0021188628731444725 
0.01 0.0012499999999999922 
-0.0024999999999999935 0.01 
0 0.01 
0.0031753559007885877 0.0086961754032176489 
0.0010600214610989168 0.0087439809048253884 
0.0017377257462889565 0.0074519632126944478 
0.0034567085629407111 0.0073096988387224681 
0.01 0.0049999999999999958 
0.0051389256555812368 0.0070786739819577831 
0.0033302378007616959 0.0058072047211743952 
0.0086024015737247977 0.0052767459335872303 
0.006767766952966367 0.0067677669529663696 
0.0045664747748639821 0.0053987892335526705 
0.0070786739819577839 0.0051389256555812359 
0.0053987892335526687 0.0045664747748639812 
0.0086961754032176489 0.0031753559007885825 
0.0074519632126944504 0.0017377257462889513 
0.0087439809048253884 0.0010600214610989101 
0.01 0 
0.01 -0.0024999999999999935 
-0.0012499999999999922 0.01 
-0.0037499999999999947 0.01 
-0.0021188628731444725 0.0087259816063472283 
-0.0062499999999999969 0.01 
-0.0063194628277906178 0.0085393369909788925 
0.01 -0.0012499999999999922 
0.0087259816063472283 -0.0021188628731444725 
0 0.0087500000000000008 
0.0026007118015771748 0.0073923508064352977 
0.0008700429221978333 0.007487961809650774 
0.0013565886194334346 0.0061779448190416742 
0.0026850628444110682 0.0059645482580837021 
0.0086548494193612342 0.0042283542814703532 
0.0039583884833718566 0.0056180109729366771 
0.002356983734348928 0.0044096062948991935 
0.0072048031474495977 0.004303491867174462 
0.0051516504294495538 0.0051516504294495538 
0.0031719663664853087 0.0038650523114035591 
0.0056180109729366753 0.0039583884833718549 
0.0038650523114035591 0.0031719663664853078 
0.0073923508064352959 0.0026007118015771713 
0.0061779448190416725 0.0013565886194334298 
0.0074879618096507731 0.00087004292219782756 
0.0087500000000000008 0 
0.01 -0.0037499999999999947 
-0.0073554915916213262 0.0084662630778508923 
-0.007499999999999998 0.01 
-0.0010600214610989101 0.0087439809048253884 
-0.0049999999999999958 0.01 
-0.0031753559007885825 0.0086961754032176489 
-0.0017377257462889513 0.0074519632126944504 
-0.0052767459335872303 0.0086024015737247977 
-0.0051389256555812359 0.0070786739819577839 
0.0087439809048253884 -0.0010600214610989101 
0.0086961754032176489 -0.0031753559007885825 
0.0074519632126944504 -0.0017377257462889513 
0 0.0074999999999999997 
0.0020260677023657635 0.0060885262096529447 
0.00068006438329674989 0.0062319427144761595 
0.00097545149257791228 0.0049039264253888971 
0.0019134171258814244 0.004619397677444936 
0.0073096988387224698 0.0034567085629407081 
0.002777851311162476 0.0041573479639155685 
0.0022769387753771493 0.0039187374516714262 
0.0058072047211743952 0.0033302378007616946 
0.0035355339059327381 0.0035355339059327381 
0.0029673261296025901 0.0035918668775222658 
0.0041573479639155685 0.0027778513111624743 
0.003592026961565208 0.002969332467210711 
0.0060885262096529473 0.0020260677023657588 
0.0049039264253888971 0.0009754514925779087 
0.0062319427144761595 0.00068006438329674523 
0.0074999999999999997 0 
0.0070786739819577839 -0.0051389256555812359 
0.0086024015737247977 -0.0052767459335872303 
0.01 -0.0049999999999999958 
-0.0059609831832426524 0.0069325261557017792 
-0.0069325261557017801 0.0059609831832426541 
-0.0083838834764831879 0.0083838834764831845 
-0.0087499999999999991 0.01 
-0.00087004292219782756 0.0074879618096507731 
-0.0042283542814703532 0.0086548494193612342 
-0.0026007118015771713 0.0073923508064352959 
-0.0013565886194334298 0.0061779448190416725 
-0.004303491867174462 0.0072048031474495977 
-0.0039583884833718549 0.0056180109729366753 
0.0074879618096507731 -0.00087004292219782756 
0.0086548494193612342 -0.0042283542814703532 
0.0073923508064352959 -0.0026007118015771713 
0.0061779448190416725 -0.0013565886194334298 
0.0072048031474495977 -0.004303491867174462 
0.0056180109729366753 -0.0039583884833718549 
0 0.0062500000000000003 
0.0014514236031543505 0.0047847016128705925 
0.00049008584439566647 0.004975923619301546 
0.00095416532513295407 0.004335057125560423 
0.0018210142379010109 0.0040922827292965728 
0.0059645482580837029 0.0026850628444110647 
0.0026176173507743671 0.0036686513574914789 
0.0021437564331316674 0.0035699005635180824 
0.0044096062948991935 0.0023569837343489267 
0.0031067456447889351 0.0031318740671114464 
0.0036357190084388012 0.0026149291956935636 
0.0047847016128705925 0.0014514236031543475 
0.0045432620461931571 0.00090110850999593705 
0.004975923619301546 0.000490085844395663 
0.0062500000000000003 0 
0.0069325261557017792 -0.0059609831832426524 
0.0085393369909788925 -0.0063194628277906178 
0.01 -0.0062499999999999969 
-0.0067677669529663696 0.006767766952966367 
-0.0045664747748639812 0.0053987892335526687 
-0.0053987892335526705 0.0045664747748639821 
-0.0058072047211743952 0.0033302378007616959 
-0.0070786739819577831 0.0051389256555812368 
-0.0084662630778508923 0.0073554915916213296 
-0.01 0.01 
-0.00068006438329674523 0.0062319427144761595 
-0.0034567085629407081 0.0073096988387224698 
-0.0020260677023657588 0.0060885262096529473 
-0.0009754514925779087 0.0049039264253888971 
-0.0033302378007616946 0.0058072047211743952 
-0.0027778513111624743 0.0041573479639155685 
0.0053987892335526687 -0.0045664747748639812 
0.0062319427144761595 -0.00068006438329674523 
0.0073096988387224698 -0.0034567085629407081 
0.0060885262096529473 -0.0020260677023657588 
0.0049039264253888971 -0.0009754514925779087 
0.0058072047211743952 -0.0033302378007616946 
0.0041573479639155685 -0.0027778513111624743 
0 0.0050000000000000001 
0.0013836760316234371 0.0042303975096595475 
0.0005041061746487469 0.0043654838319441402 
0.00095122688884159484 0.0038969805724385731 
0.0017690808531922897 0.0034930393328542215 
0.0046193976774449369 0.0019134171258814213 
0.0024550290159787249 0.0031554246790539433 
0.003846322053657294 0.0021156216369588774 
0.0030806272243166944 0.0024801663678694521 
0.0042774344886165987 0.0011957166866523039 
0.004452523605555158 0.00053657504759691585 
0.0050000000000000001 0 
0.0045664747748639821 -0.0053987892335526705 
0.006767766952966367 -0.0067677669529663696 
0.0084662630778508923 -0.0073554915916213262 
0.01 -0.007499999999999998 
-0.0051516504294495538 0.0051516504294495538 
-0.0031719663664853078 0.0038650523114035591 
-0.0056180109729366771 0.0039583884833718566 
-0.0038650523114035591 0.0031719663664853087 
-0.0044096062948991935 0.002356983734348928 
-0.0059645482580837021 0.0026850628444110682 
-0.0072048031474495977 0.0043034918671744646 
-0.0085393369909788925 0.0063194628277906204 
-0.01 0.0087500000000000008 
-0.000490085844395663 0.004975923619301546 
-0.00090110850999593705 0.0045432620461931571 
-0.0026850628444110647 0.0059645482580837029 
-0.0014514236031543475 0.0047847016128705925 
-0.0023569837343489267 0.0044096062948991935 
-0.0026149291956935636 0.0036357190084388012 
0.0051516504294495538 -0.0051516504294495538 
0.0038650523114035591 -0.0031719663664853078 
0.0031719663664853087 -0.0038650523114035591 
0.004975923619301546 -0.000490085844395663 
0.0045432620461931571 -0.00090110850999593705 
0.0059645482580837029 -0.0026850628444110647 
0.0047847016128705925 -0.0014514236031543475 
0.0044096062948991935 -0.0023569837343489267 
0.0036357190084388012 -0.0026149291956935636 
0 0.0044271340109870412 
0.0013596793121047534 0.0036588348691459832 
0.00057056013194657727 0.0036811181821783901 
0.001781204933219045 0.0029419292912565564 
0.0039969574272950862 0.0015797744911912946 
0.0025700830447644798 0.002366481195246674 
0.003384833404591761 0.0020846204304936326 
0.0037671939587450719 0.00063093309841219026 
0.0044271340109870412 0 
0.002356983734348928 -0.0044096062948991935 
0.0039583884833718566 -0.0056180109729366771 
0.0059609831832426541 -0.0069325261557017801 
0.0083838834764831845 -0.0083838834764831879 
0.01 -0.0087499999999999991 
-0.0035355339059327381 0.0035355339059327381 
-0.002969332467210711 0.003592026961565208 
-0.0041573479639155685 0.002777851311162476 
-0.0035918668775222658 0.0029673261296025901 
-0.0039187374516714262 0.0022769387753771493 
-0.004619397677444936 0.0019134171258814244 
-0.0049039264253888971 0.00097545149257791228 
-0.0060885262096529447 0.0020260677023657635 
-0.0073096988387224681 0.0034567085629407111 
-0.0086024015737247994 0.0052767459335872329 
-0.01 0.0074999999999999997 
-0.00053657504759691585 0.004452523605555158 
-0.0011957166866523039 0.0042774344886165987 
-0.0019134171258814213 0.0046193976774449369 
-0.0021156216369588774 0.003846322053657294 
-0.0024801663678694521 0.0030806272243166944 
0.0035355339059327381 -0.0035355339059327381 
0.003592026961565208 -0.002969332467210711 
0.002777851311162476 -0.0041573479639155685 
0.0029673261296025901 -0.0035918668775222658 
0.0022769387753771493 -0.0039187374516714262 
0.004452523605555158 -0.00053657504759691585 
0.0042774344886165987 -0.0011957166866523039 
0.0046193976774449369 -0.0019134171258814213 
0.003846322053657294 -0.0021156216369588774 
0.0030806272243166944 -0.0024801663678694521 
0 0.0036562865496831262 
0.00099370782617098246 0.0030829656643014871 
0.0020136867550256611 0.0023599029312505655 
0.0029973687857319234 0.0014037760756259799 
0.0036562865496831262 0 
0.0019134171258814244 -0.004619397677444936 
0.0033302378007616959 -0.0058072047211743952 
0.0051389256555812368 -0.0070786739819577831 
0.0073554915916213296 -0.0084662630778508923 
0.01 -0.01 
-0.0031318740671114464 0.0031067456447889351 
-0.0036686513574914789 0.0026176173507743671 
-0.0035699005635180824 0.0021437564331316674 
-0.0047847016128705925 0.0014514236031543505 
-0.0040922827292965728 0.0018210142379010109 
-0.004335057125560423 0.00095416532513295407 
-0.004975923619301546 0.00049008584439566647 
-0.0061779448190416742 0.0013565886194334346 
-0.0073923508064352977 0.0026007118015771748 
-0.0086548494193612342 0.0042283542814703567 
-0.01 0.0062500000000000003 
-0.00063093309841219026 0.0037671939587450719 
-0.0015797744911912946 0.0039969574272950862 
-0.0020846204304936326 0.003384833404591761 
-0.002366481195246674 0.0025700830447644798 
0.0031067456447889351 -0.0031318740671114464 
0.0026176173507743671 -0.0036686513574914789 
0.0018210142379010109 -0.0040922827292965728 
0.0021437564331316674 -0.0035699005635180824 
0.0037671939587450719 -0.00063093309841219026 
0.0039969574272950862 -0.0015797744911912946 
0.003384833404591761 -0.0020846204304936326 
0.0025700830447644798 -0.002366481195246674 
0 0.002616399886188202 
0.001457904319627527 0.0016034155805825722 
0.002616399886188202 0 
0.00095416532513295407 -0.004335057125560423 
0.0014514236031543505 -0.0047847016128705925 
0.0026850628444110682 -0.0059645482580837021 
0.0043034918671744646 -0.0072048031474495977 
0.0063194628277906204 -0.0085393369909788925 
0.0087500000000000008 -0.01 
-0.0031554246790539433 0.0024550290159787249 
-0.0034930393328542215 0.0017690808531922897 
-0.0042303975096595475 0.0013836760316234371 
-0.0038969805724385731 0.00095122688884159484 
-0.0043654838319441402 0.0005041061746487469 
-0.0050000000000000001 0 
-0.0062319427144761595 0.00068006438329674989 
-0.0074519632126944478 0.0017377257462889565 
-0.0086961754032176489 0.0031753559007885877 
-0.01 0.0050000000000000001 
-0.0014037760756259799 0.0029973687857319234 
-0.0023599029312505655 0.0020136867550256611 
0.0013836760316234371 -0.0042303975096595475 
0.0024550290159787249 -0.0031554246790539433 
0.0017690808531922897 -0.0034930393328542215 
0.0029973687857319234 -0.0014037760756259799 
0.0020136867550256611 -0.0023599029312505655 
0 0.0013457818999456151 
0.0013457818999456151 0 
0.00095122688884159484 -0.0038969805724385731 
0.0005041061746487469 -0.0043654838319441402 
0.00097545149257791228 -0.0049039264253888971 
0.0020260677023657635 -0.0060885262096529447 
0.0034567085629407111 -0.0073096988387224681 
0.0052767459335872329 -0.0086024015737247994 
0.0074999999999999997 -0.01 
-0.0029419292912565564 0.001781204933219045 
-0.0036588348691459832 0.0013596793121047534 
-0.0036811181821783901 0.00057056013194657727 
-0.0044271340109870386 0 
-0.004335057125560423 -0.00095416532513295407 
-0.004975923619301546 -0.00049008584439566647 
-0.0062500000000000003 0 
-0.007487961809650774 0.0008700429221978333 
-0.0087259816063472266 0.0021188628731444782 
-0.01 0.0037499999999999999 
-0.0016034155805825722 0.001457904319627527 
0.0013596793121047534 -0.0036588348691459832 
0.001781204933219045 -0.0029419292912565564 
0.001457904319627527 -0.0016034155805825722 
0 0 
0.00057056013194657727 -0.0036811181821783901 
0 -0.0044271340109870412 
0.00049008584439566647 -0.004975923619301546 
0.0013565886194334346 -0.0061779448190416742 
0.0026007118015771748 -0.0073923508064352977 
0.0042283542814703567 -0.0086548494193612342 
0.0062500000000000003 -0.01 
-0.0030829656643014871 0.00099370782617098246 
-0.0036562865496831223 0 
-0.0043654838319441402 -0.0005041061746487469 
-0.0038969805724385731 -0.00095122688884159484 
-0.0042303975096595475 -0.0013836760316234371 
-0.0049039264253888971 -0.00097545149257791228 
-0.0062319427144761595 -0.00068006438329674989 
-0.0074999999999999997 0 
-0.0087439809048253884 0.0010600214610989168 
-0.01 0.0025000000000000001 
-0.0013457818999456179 0 
0.00099370782617098246 -0.0030829656643014871 
0 -0.0013457818999456151 
0 -0.0036562865496831262 
-0.00053657504759691585 -0.004452523605555158 
0 -0.0050000000000000001 
0.00068006438329674989 -0.0062319427144761595 
0.0017377257462889565 -0.0074519632126944478 
0.0031753559007885877 -0.0086961754032176489 
0.0050000000000000001 -0.01 
-0.0026163998861881998 0 
-0.0036811181821783901 -0.00057056013194657727 
-0.0036588348691459832 -0.0013596793121047534 
-0.0040922827292965728 -0.0018210142379010109 
-0.0047847016128705925 -0.0014514236031543505 
-0.0061779448190416742 -0.0013565886194334346 
-0.007487961809650774 -0.0008700429221978333 
-0.0087500000000000008 0 
-0.01 0.00125 
-0.0016034155805825722 -0.001457904319627527 
0 -0.002616399886188202 
-0.00063093309841219026 -0.0037671939587450719 
-0.00090110850999593705 -0.0045432620461931571 
-0.000490085844395663 -0.004975923619301546 
0 -0.0062500000000000003 
0.0008700429221978333 -0.007487961809650774 
0.0021188628731444782 -0.0087259816063472266 
0.0037499999999999999 -0.01 
-0.0030829656643014871 -0.00099370782617098246 
-0.0034930393328542215 -0.0017690808531922897 
-0.0039187374516714262 -0.0022769387753771493 
-0.004619397677444936 -0.0019134171258814244 
-0.0060885262096529447 -0.0020260677023657635 
-0.0074519632126944478 -0.0017377257462889565 
-0.0087439809048253884 -0.0010600214610989168 
-0.01 0 
-0.0023599029312505655 -0.0020136867550256611 
-0.0014037760756259799 -0.0029973687857319234 
-0.0011957166866523039 -0.0042774344886165987 
-0.0009754514925779087 -0.0049039264253888971 
-0.00068006438329674523 -0.0062319427144761595 
0 -0.0074999999999999997 
0.0010600214610989168 -0.0087439809048253884 
0.0025000000000000001 -0.01 
-0.0029419292912565564 -0.001781204933219045 
-0.0035699005635180824 -0.0021437564331316674 
-0.0036686513574914789 -0.0026176173507743671 
-0.0044096062948991935 -0.002356983734348928 
-0.0059645482580837021 -0.0026850628444110682 
-0.0073923508064352977 -0.0026007118015771748 
-0.0087259816063472266 -0.0021188628731444782 
-0.01 -0.00125 
-0.002366481195246674 -0.0025700830447644798 
-0.0020846204304936326 -0.003384833404591761 
-0.0015797744911912946 -0.0039969574272950862 
-0.0014514236031543475 -0.0047847016128705925 
-0.0013565886194334298 -0.0061779448190416725 
-0.00087004292219782756 -0.0074879618096507731 
0 -0.0087500000000000008 
0.00125 -0.01 
-0.0031554246790539433 -0.0024550290159787249 
-0.0035918668775222658 -0.0029673261296025901 
-0.0041573479639155685 -0.002777851311162476 
-0.0058072047211743952 -0.0033302378007616959 
-0.0073096988387224681 -0.0034567085629407111 
-0.0086961754032176489 -0.0031753559007885877 
-0.01 -0.0025000000000000001 
-0.0024801663678694521 -0.0030806272243166944 
-0.0021156216369588774 -0.003846322053657294 
-0.0019134171258814213 -0.0046193976774449369 
-0.0020260677023657588 -0.0060885262096529473 
-0.0017377257462889513 -0.0074519632126944504 
-0.0010600214610989101 -0.0087439809048253884 
0 -0.01 
-0.0031318740671114464 -0.0031067456447889351 
-0.0038650523114035591 -0.0031719663664853087 
-0.0056180109729366771 -0.0039583884833718566 
-0.0072048031474495977 -0.0043034918671744646 
-0.0086548494193612342 -0.0042283542814703567 
-0.01 -0.0037499999999999999 
-0.0026149291956935636 -0.0036357190084388012 
-0.0023569837343489267 -0.0044096062948991935 
-0.0026850628444110647 -0.0059645482580837029 
-0.0026007118015771713 -0.0073923508064352959 
-0.0021188628731444725 -0.0087259816063472283 
-0.0012499999999999922 -0.01 
-0.002969332467210711 -0.003592026961565208 
-0.0035355339059327381 -0.0035355339059327381 
-0.0053987892335526705 -0.0045664747748639821 
-0.0070786739819577831 -0.0051389256555812368 
-0.0086024015737247994 -0.0052767459335872329 
-0.01 -0.0050000000000000001 
-0.0027778513111624743 -0.0041573479639155685 
-0.0033302378007616946 -0.0058072047211743952 
-0.0034567085629407081 -0.0073096988387224698 
-0.0031753559007885825 -0.0086961754032176489 
-0.0024999999999999935 -0.01 
-0.0031719663664853078 -0.0038650523114035591 
-0.0051516504294495538 -0.0051516504294495538 
-0.0069325261557017801 -0.0059609831832426541 
-0.0085393369909788925 -0.0063194628277906204 
-0.01 -0.0062500000000000003 
-0.0039583884833718549 -0.0056180109729366753 
-0.004303491867174462 -0.0072048031474495977 
-0.0042283542814703532 -0.0086548494193612342 
-0.0037499999999999947 -0.01 
-0.0045664747748639812 -0.0053987892335526687 
-0.0067677669529663696 -0.006767766952966367 
-0.0084662630778508923 -0.0073554915916213296 
-0.01 -0.0074999999999999997 
-0.0051389256555812359 -0.0070786739819577839 
-0.0052767459335872303 -0.0086024015737247977 
-0.0049999999999999958 -0.01 
-0.0059609831832426524 -0.0069325261557017792 
-0.0083838834764831879 -0.0083838834764831845 
-0.01 -0.0087500000000000008 
-0.0063194628277906178 -0.0085393369909788925 
-0.0062499999999999969 -0.01 
-0.0073554915916213262 -0.0084662630778508923 
-0.01 -0.01 
-0.007499999999999998 -0.01 
-0.0087499999999999991 -0.01 

3 # number of element types

# Type #0

3 vtx # type name


1 # number of nodes per element
21 # number of elements
# Elements
7 
27 
43 
81 
90 
97 
141 
155 
166 
209 
225 
244 
282 
317 
332 
340 
370 
376 
408 
422 
454 

21 # number of geometric entity indices
# Geometric entity indices
20 
13 
19 
12 
15 
17 
2 
11 
16 
6 
14 
18 
4 
10 
3 
9 
1 
8 
7 
5 
0 

# Type #1

3 edg # type name


2 # number of nodes per element
164 # number of elements
# Elements
4 0 
0 5 
5 1 
1 7 
7 2 
2 9 
3 12 
12 4 
13 3 
9 18 
23 11 
11 25 
27 13 
18 32 
32 23 
25 43 
26 45 
45 27 
46 26 
43 50 
50 44 
27 52 
43 68 
44 69 
71 48 
48 73 
73 46 
52 81 
85 59 
59 87 
87 62 
62 90 
90 64 
64 92 
68 97 
69 100 
104 71 
81 117 
84 118 
118 85 
119 84 
92 125 
128 95 
95 130 
97 131 
100 134 
141 104 
117 155 
155 119 
125 160 
160 128 
130 166 
131 166 
134 170 
172 147 
179 141 
145 180 
180 155 
183 145 
147 184 
154 187 
166 189 
189 152 
152 192 
193 154 
155 195 
166 203 
170 208 
174 209 
209 172 
175 211 
211 174 
214 175 
219 179 
184 222 
222 183 
225 188 
187 225 
188 227 
227 204 
192 232 
232 193 
195 235 
203 239 
204 240 
208 244 
215 248 
248 214 
251 215 
255 219 
235 268 
239 270 
240 272 
244 276 
282 251 
286 255 
268 294 
270 295 
272 298 
276 302 
282 306 
308 282 
309 282 
312 286 
294 317 
295 317 
298 320 
302 324 
306 326 
330 308 
332 309 
334 312 
335 317 
337 317 
319 338 
340 319 
320 340 
324 344 
326 345 
345 335 
349 330 
352 332 
353 334 
338 355 
355 337 
340 358 
359 340 
344 362 
366 349 
370 353 
370 352 
358 374 
376 359 
362 378 
382 366 
386 370 
374 390 
393 376 
378 394 
397 382 
401 386 
390 404 
408 393 
394 408 
410 397 
414 401 
404 416 
408 420 
422 410 
426 414 
416 427 
420 431 
427 432 
432 422 
436 426 
431 440 
444 436 
440 447 
450 444 
447 452 
454 450 
452 455 
455 456 
456 454 

164 # number of geometric entity indices
# Geometric entity indices
15 
15 
15 
15 
19 
19 
15 
15 
15 
19 
19 
19 
15 
19 
19 
19 
4 
4 
4 
18 
18 
14 
17 
18 
4 
4 
4 
14 
25 
25 
25 
25 
27 
27 
17 
18 
4 
13 
25 
25 
25 
27 
27 
27 
16 
18 
4 
13 
25 
27 
27 
27 
16 
18 
23 
2 
23 
23 
23 
23 
26 
26 
26 
26 
26 
11 
12 
18 
21 
23 
21 
21 
21 
2 
23 
23 
24 
26 
24 
24 
26 
26 
11 
12 
24 
18 
21 
21 
21 
2 
11 
12 
24 
8 
21 
2 
11 
12 
24 
8 
6 
20 
5 
2 
11 
12 
24 
8 
6 
20 
5 
2 
6 
10 
10 
10 
24 
8 
6 
6 
20 
3 
2 
10 
10 
22 
9 
8 
20 
2 
3 
22 
9 
8 
20 
0 
22 
7 
8 
20 
0 
22 
7 
8 
20 
0 
22 
1 
20 
0 
22 
1 
22 
22 
0 
1 
0 
1 
0 
1 
0 
1 
1 
1 

# Type #2

4 quad # type name


4 # number of nodes per element
424 # number of elements
# Elements
6 0 15 4 
16 5 6 0 
5 16 1 8 
1 8 7 19 
2 7 10 19 
9 2 21 10 
28 12 14 3 
15 4 28 12 
14 3 29 13 
17 6 31 15 
6 17 16 33 
16 33 8 20 
21 35 9 18 
8 20 19 36 
10 19 22 36 
21 10 38 22 
40 24 23 11 
24 42 11 25 
29 13 52 27 
53 28 30 14 
31 15 53 28 
30 14 54 29 
31 56 17 34 
35 57 18 32 
57 40 32 23 
17 34 33 58 
33 58 20 37 
35 21 60 38 
20 37 36 61 
22 36 39 61 
38 22 63 39 
65 41 40 24 
41 67 24 42 
42 68 25 43 
47 72 26 45 
72 52 45 27 
74 47 46 26 
49 76 71 48 
51 44 78 50 
78 50 68 43 
79 69 51 44 
54 29 81 52 
82 53 55 30 
56 31 82 53 
55 30 83 54 
56 85 34 59 
60 86 35 57 
86 65 57 40 
34 59 58 87 
58 87 37 62 
60 38 89 63 
37 62 61 90 
39 61 64 90 
63 39 92 64 
94 66 65 41 
66 96 41 67 
67 97 42 68 
49 70 77 101 
71 104 49 70 
75 105 47 72 
105 81 72 52 
76 106 48 73 
106 74 73 46 
107 75 74 47 
76 49 109 77 
80 51 111 78 
111 78 97 68 
112 100 79 69 
113 79 80 51 
83 54 117 81 
118 82 84 55 
82 118 56 85 
84 55 119 83 
59 85 88 121 
86 60 122 89 
122 94 86 65 
88 123 59 87 
91 62 123 87 
89 63 125 92 
91 126 62 90 
93 64 126 90 
93 127 64 92 
128 95 94 66 
95 130 66 96 
96 131 67 97 
99 115 133 98 
99 134 112 100 
70 103 101 135 
77 101 110 136 
140 102 103 135 
104 141 70 103 
108 142 75 105 
142 117 105 81 
109 143 76 106 
143 107 106 74 
144 108 107 75 
109 77 146 110 
98 116 132 148 
114 80 149 111 
149 111 131 97 
115 99 150 112 
150 112 113 79 
151 113 114 80 
115 153 98 116 
119 83 155 117 
120 156 84 118 
156 121 118 85 
84 119 120 157 
124 88 159 121 
122 89 160 125 
94 122 128 160 
124 161 88 123 
91 123 126 161 
92 127 125 162 
93 126 127 163 
129 95 164 128 
129 165 95 130 
130 166 96 131 
133 98 169 132 
133 170 99 134 
102 137 135 171 
101 135 136 171 
110 136 147 172 
139 173 102 137 
177 138 139 173 
178 139 140 102 
179 140 141 103 
145 180 108 142 
180 155 142 117 
143 109 182 146 
182 144 143 107 
183 145 144 108 
146 110 184 147 
132 148 168 186 
116 154 148 187 
152 114 189 149 
189 149 166 131 
150 191 115 153 
191 150 151 113 
192 151 152 114 
153 193 116 154 
195 157 155 119 
196 159 156 121 
158 196 120 156 
158 120 197 157 
124 159 161 198 
162 199 125 160 
164 128 199 160 
163 126 200 161 
201 162 163 127 
129 164 165 202 
130 165 166 203 
206 168 167 186 
169 132 207 168 
170 133 208 169 
137 174 171 209 
136 171 172 209 
210 185 172 147 
138 175 173 211 
173 211 137 174 
176 214 138 175 
217 176 177 138 
218 177 178 139 
219 178 179 140 
180 220 155 195 
181 220 145 180 
181 145 221 183 
182 146 222 184 
144 182 183 222 
147 185 184 223 
167 186 188 225 
148 187 186 225 
226 187 194 154 
205 167 227 188 
190 152 230 189 
189 166 230 203 
190 231 152 192 
191 232 153 193 
151 192 191 232 
154 193 194 233 
157 195 197 235 
158 197 196 236 
159 196 198 236 
237 200 198 161 
163 200 201 238 
201 238 162 199 
199 238 164 202 
165 202 203 239 
241 205 204 227 
242 206 205 167 
243 207 206 168 
208 169 244 207 
212 245 174 209 
210 172 245 209 
210 245 185 224 
213 246 175 211 
212 174 246 211 
216 248 176 214 
175 214 213 249 
248 216 215 252 
176 217 216 253 
177 218 217 254 
178 219 218 255 
220 256 195 235 
181 221 220 256 
223 257 184 222 
221 183 257 222 
258 223 224 185 
228 188 260 225 
226 260 187 225 
226 194 260 234 
229 204 261 227 
228 261 188 227 
204 229 240 262 
190 230 231 264 
230 203 264 239 
233 193 265 232 
231 265 192 232 
266 234 233 194 
197 235 236 268 
198 236 237 269 
237 269 200 238 
202 238 239 270 
273 241 240 204 
274 242 241 205 
275 243 242 206 
276 244 243 207 
247 277 213 246 
212 246 245 277 
224 245 259 277 
247 213 278 249 
250 279 215 248 
279 249 248 214 
215 251 250 281 
215 252 251 283 
216 253 252 284 
217 254 253 285 
218 255 254 286 
224 259 258 287 
258 287 223 257 
256 287 235 268 
257 287 221 256 
289 272 262 240 
263 229 290 261 
228 260 261 290 
234 267 260 290 
263 291 229 262 
234 266 267 292 
266 233 292 265 
265 231 292 264 
264 239 292 270 
268 294 236 269 
270 238 295 269 
271 298 289 272 
299 273 272 240 
300 274 273 241 
301 275 274 242 
302 276 275 243 
247 278 277 303 
288 259 303 277 
304 278 279 249 
280 304 250 279 
280 250 305 281 
306 281 282 251 
251 283 282 309 
252 284 283 310 
253 285 284 311 
254 286 285 312 
268 287 294 313 
288 313 259 287 
314 289 291 262 
296 271 314 289 
263 290 291 315 
293 315 267 290 
293 267 316 292 
270 295 292 316 
294 317 269 295 
296 318 271 297 
298 271 320 297 
272 298 299 321 
273 299 300 322 
274 300 301 323 
275 301 302 324 
280 305 304 325 
278 304 303 325 
303 325 288 313 
281 306 305 326 
306 282 327 308 
330 307 308 327 
308 282 331 309 
283 310 309 332 
284 311 310 333 
285 312 311 334 
335 317 313 294 
296 314 318 336 
291 315 314 336 
315 293 336 316 
337 316 317 295 
297 318 319 338 
319 340 297 320 
298 320 321 341 
299 321 322 342 
300 322 323 343 
301 323 324 344 
305 326 325 345 
345 335 325 313 
327 346 306 326 
328 346 307 327 
328 307 347 329 
307 330 329 349 
330 308 350 331 
331 309 351 332 
310 333 332 352 
311 334 333 353 
335 354 317 337 
318 336 338 355 
355 336 337 316 
339 319 356 338 
358 340 339 319 
320 340 341 359 
321 341 342 360 
322 342 343 361 
323 343 344 362 
346 363 326 345 
328 347 346 363 
345 363 335 354 
347 329 364 348 
329 349 348 366 
349 330 367 350 
350 331 368 351 
351 332 369 352 
333 353 352 370 
355 337 372 354 
356 338 372 355 
357 339 373 356 
357 374 339 358 
358 375 340 359 
341 359 360 376 
342 360 361 377 
343 361 362 378 
364 379 347 363 
379 371 363 354 
380 364 365 348 
382 365 366 348 
367 383 349 366 
367 350 384 368 
368 351 385 369 
369 352 386 370 
371 387 354 372 
389 373 372 356 
357 373 374 390 
374 391 358 375 
375 392 359 376 
360 376 377 393 
361 377 378 394 
380 365 395 381 
380 395 364 379 
371 379 387 395 
365 382 381 397 
383 398 366 382 
383 367 399 384 
384 368 400 385 
385 369 401 386 
402 388 387 372 
388 403 372 389 
373 389 390 404 
390 405 374 391 
391 406 375 392 
392 407 376 393 
377 393 394 408 
396 409 381 395 
402 387 409 395 
396 381 410 397 
398 411 382 397 
399 412 383 398 
399 384 413 400 
400 385 414 401 
388 402 403 415 
403 416 389 404 
405 390 417 404 
405 418 391 406 
406 419 392 407 
407 420 393 408 
421 415 409 402 
396 410 409 422 
411 423 397 410 
412 424 398 411 
412 399 425 413 
413 400 426 414 
427 416 415 403 
417 404 428 416 
417 429 405 418 
418 430 406 419 
419 431 407 420 
421 409 432 422 
421 432 415 427 
423 433 410 422 
424 434 411 423 
425 435 412 424 
425 413 436 426 
428 416 437 427 
429 417 438 428 
429 439 418 430 
430 440 419 431 
441 432 433 422 
437 427 441 432 
434 442 423 433 
435 443 424 434 
435 425 444 436 
438 428 445 437 
438 446 429 439 
439 447 430 440 
448 441 442 433 
445 437 448 441 
443 449 434 442 
444 450 435 443 
446 438 451 445 
446 452 439 447 
453 448 449 442 
451 445 453 448 
450 454 443 449 
451 455 446 452 
456 453 454 449 
455 451 456 453 

424 # number of geometric entity indices
# Geometric entity indices
8 
8 
8 
8 
8 
8 
8 
8 
8 
8 
8 
8 
8 
8 
8 
8 
8 
8 
8 
8 
8 
8 
8 
8 
8 
8 
8 
8 
8 
8 
8 
8 
8 
8 
2 
2 
2 
2 
5 
5 
5 
8 
8 
8 
8 
8 
8 
8 
8 
8 
8 
8 
8 
8 
8 
8 
8 
2 
2 
2 
2 
2 
2 
2 
2 
5 
5 
5 
5 
8 
8 
8 
8 
7 
8 
8 
7 
7 
8 
7 
7 
7 
8 
8 
8 
5 
5 
2 
2 
2 
2 
2 
2 
2 
2 
2 
2 
5 
5 
5 
5 
5 
5 
5 
8 
7 
7 
7 
7 
8 
8 
7 
7 
7 
7 
7 
7 
8 
5 
5 
2 
2 
2 
2 
2 
2 
2 
2 
2 
2 
2 
2 
2 
5 
5 
5 
5 
5 
5 
5 
5 
7 
7 
7 
7 
7 
7 
7 
7 
7 
7 
7 
5 
5 
5 
2 
2 
3 
2 
2 
2 
2 
2 
2 
3 
3 
3 
2 
2 
3 
5 
5 
6 
5 
6 
6 
6 
5 
5 
6 
7 
7 
7 
7 
7 
7 
7 
7 
5 
5 
5 
5 
3 
3 
3 
3 
3 
2 
3 
2 
2 
2 
2 
3 
3 
3 
3 
3 
6 
6 
6 
6 
6 
6 
6 
6 
6 
6 
6 
7 
7 
7 
7 
5 
5 
5 
5 
3 
3 
3 
3 
3 
3 
3 
2 
2 
2 
2 
3 
3 
3 
3 
6 
6 
6 
6 
6 
6 
6 
6 
6 
7 
7 
6 
5 
5 
5 
5 
3 
3 
3 
3 
3 
3 
2 
2 
2 
2 
3 
3 
6 
6 
6 
6 
6 
6 
7 
6 
6 
5 
5 
5 
5 
3 
3 
3 
3 
4 
4 
1 
2 
2 
2 
3 
6 
6 
6 
6 
6 
6 
5 
5 
5 
5 
3 
3 
4 
4 
4 
4 
1 
1 
2 
2 
4 
6 
6 
4 
4 
5 
5 
5 
5 
4 
4 
4 
4 
4 
1 
1 
1 
2 
4 
4 
4 
4 
1 
5 
5 
5 
4 
4 
4 
4 
1 
1 
1 
1 
4 
4 
4 
1 
1 
5 
5 
4 
4 
4 
4 
1 
1 
1 
1 
4 
4 
4 
1 
1 
1 
5 
4 
4 
4 
1 
1 
1 
1 
4 
4 
1 
1 
1 
1 
4 
4 
1 
1 
1 
1 
4 
1 
1 
1 
1 
4 
4 
1 
1 
1 
1 
1 
1 
1 
1 
1 
1 
1 
1 
1 
1 
1 
1 
1 
1 
1 
1 
1 
1 
1 
1 
1 
1 
1 
1 
