# Created by COMSOL Multiphysics.

# Major & minor version
0 1 
1 # number of tags
# Tags
5 mesh1 
1 # number of types
# Types
3 obj 

# --------- Object 0 ----------

0 0 1 
4 Mesh # class
4 # version
2 # sdim
441 # number of mesh points
0 # lowest mesh point index

# Mesh point coordinates
-0.01 -0.01 
-0.01 -0.0089999999999999993 
-0.0090000000000000167 -0.01 
-0.01 -0.0079999999999999984 
-0.0090000000000000167 -0.0089999999999999993 
-0.0080000000000000158 -0.01 
-0.01 -0.0069999999999999975 
-0.0090000000000000167 -0.0079999999999999967 
-0.0080000000000000158 -0.0090000000000000011 
-0.0070000000000000149 -0.01 
-0.01 -0.0059999999999999967 
-0.0090000000000000167 -0.0069999999999999984 
-0.0080000000000000123 -0.0080000000000000019 
-0.007000000000000014 -0.0090000000000000028 
-0.006000000000000014 -0.01 
-0.01 -0.0049999999999999958 
-0.0090000000000000132 -0.0059999999999999984 
-0.008000000000000014 -0.0069999999999999993 
-0.0070000000000000132 -0.0080000000000000002 
-0.006000000000000014 -0.0090000000000000045 
-0.0050000000000000131 -0.01 
-0.01 -0.0039999999999999949 
-0.0090000000000000132 -0.0049999999999999975 
-0.0080000000000000123 -0.0059999999999999984 
-0.007000000000000014 -0.0069999999999999984 
-0.0060000000000000123 -0.0080000000000000036 
-0.0050000000000000131 -0.0090000000000000028 
-0.0040000000000000122 -0.01 
-0.01 -0.002999999999999994 
-0.0090000000000000115 -0.0039999999999999949 
-0.0080000000000000123 -0.0049999999999999984 
-0.0070000000000000106 -0.0059999999999999984 
-0.0060000000000000114 -0.0070000000000000027 
-0.0050000000000000114 -0.0080000000000000036 
-0.0040000000000000114 -0.0090000000000000045 
-0.0030000000000000113 -0.01 
-0.01 -0.0019999999999999931 
-0.0090000000000000097 -0.0029999999999999957 
-0.0080000000000000088 -0.0039999999999999966 
-0.0070000000000000106 -0.0049999999999999975 
-0.0060000000000000114 -0.0060000000000000001 
-0.0050000000000000122 -0.0070000000000000019 
-0.0040000000000000105 -0.0080000000000000036 
-0.0030000000000000118 -0.0090000000000000028 
-0.0020000000000000104 -0.01 
-0.01 -0.00099999999999999221 
-0.0090000000000000097 -0.0019999999999999944 
-0.0080000000000000088 -0.0029999999999999957 
-0.0070000000000000097 -0.0039999999999999975 
-0.0060000000000000097 -0.0049999999999999992 
-0.0050000000000000079 -0.006000000000000001 
-0.0040000000000000088 -0.0070000000000000045 
-0.00300000000000001 -0.0080000000000000036 
-0.0020000000000000091 -0.0090000000000000063 
-0.0010000000000000096 -0.01 
-0.01 8.6736173798840355e-18 
-0.009000000000000008 -0.00099999999999999308 
-0.0080000000000000088 -0.0019999999999999953 
-0.0070000000000000088 -0.0029999999999999962 
-0.0060000000000000097 -0.0039999999999999983 
-0.0050000000000000088 -0.0050000000000000001 
-0.0040000000000000079 -0.0060000000000000001 
-0.0030000000000000087 -0.0070000000000000045 
-0.0020000000000000087 -0.0080000000000000071 
-0.0010000000000000091 -0.0090000000000000097 
-8.6736173798840355e-18 -0.01 
-0.01 0.0010000000000000096 
-0.009000000000000008 7.6848249985772596e-18 
-0.0080000000000000088 -0.00099999999999999287 
-0.0070000000000000097 -0.0019999999999999944 
-0.0060000000000000079 -0.0029999999999999962 
-0.0050000000000000105 -0.0040000000000000001 
-0.004000000000000007 -0.0049999999999999992 
-0.0030000000000000083 -0.0060000000000000045 
-0.0020000000000000083 -0.0070000000000000045 
-0.0010000000000000072 -0.0080000000000000054 
-7.3552275381416625e-18 -0.009000000000000008 
0.00099999999999999221 -0.01 
-0.01 0.0020000000000000104 
-0.0090000000000000063 0.0010000000000000096 
-0.0080000000000000071 6.6960326172704798e-18 
-0.0070000000000000062 -0.00099999999999999482 
-0.0060000000000000079 -0.0019999999999999961 
-0.005000000000000007 -0.0029999999999999983 
-0.004000000000000007 -0.0040000000000000001 
-0.003000000000000007 -0.0050000000000000027 
-0.0020000000000000074 -0.0060000000000000045 
-0.0010000000000000074 -0.0070000000000000062 
-7.0776717819853731e-18 -0.0080000000000000071 
0.00099999999999999308 -0.009000000000000008 
0.0019999999999999931 -0.01 
-0.01 0.0030000000000000113 
-0.0090000000000000063 0.0020000000000000091 
-0.0080000000000000071 0.0010000000000000074 
-0.0070000000000000062 6.262351748276278e-18 
-0.0060000000000000079 -0.00099999999999999525 
-0.005000000000000007 -0.0019999999999999974 
-0.0040000000000000062 -0.0029999999999999992 
-0.0030000000000000066 -0.0040000000000000001 
-0.0020000000000000065 -0.0050000000000000027 
-0.0010000000000000063 -0.0060000000000000053 
-6.106226635438361e-18 -0.0070000000000000062 
0.00099999999999999308 -0.0080000000000000054 
0.0019999999999999953 -0.009000000000000008 
0.002999999999999994 -0.01 
-0.01 0.0040000000000000122 
-0.0090000000000000063 0.0030000000000000118 
-0.0080000000000000054 0.0020000000000000096 
-0.0070000000000000045 0.0010000000000000076 
-0.0060000000000000053 5.2735593669694959e-18 
-0.0050000000000000044 -0.00099999999999999677 
-0.0040000000000000044 -0.0019999999999999983 
-0.0030000000000000048 -0.0030000000000000005 
-0.0020000000000000052 -0.0040000000000000001 
-0.0010000000000000054 -0.0050000000000000044 
-5.6898930012039277e-18 -0.0060000000000000053 
0.00099999999999999568 -0.0070000000000000062 
0.0019999999999999953 -0.0080000000000000071 
0.0029999999999999949 -0.0090000000000000132 
0.0039999999999999949 -0.01 
-0.01 0.0050000000000000131 
-0.0090000000000000045 0.0040000000000000122 
-0.0080000000000000054 0.0030000000000000087 
-0.0070000000000000045 0.0020000000000000083 
-0.0060000000000000036 0.0010000000000000065 
-0.0050000000000000044 4.2847669856627154e-18 
-0.0040000000000000044 -0.00099999999999999655 
-0.0030000000000000048 -0.0019999999999999992 
-0.0020000000000000044 -0.0030000000000000018 
-0.0010000000000000041 -0.0040000000000000027 
-4.4408920985006263e-18 -0.0050000000000000044 
0.00099999999999999525 -0.0060000000000000062 
0.0019999999999999953 -0.0070000000000000071 
0.0029999999999999957 -0.0080000000000000088 
0.0039999999999999949 -0.0090000000000000097 
0.0049999999999999958 -0.01 
-0.01 0.006000000000000014 
-0.0090000000000000045 0.0050000000000000131 
-0.0080000000000000036 0.0040000000000000105 
-0.0070000000000000045 0.0030000000000000087 
-0.0060000000000000036 0.0020000000000000074 
-0.0050000000000000053 0.0010000000000000054 
-0.0040000000000000036 3.8510861166685136e-18 
-0.0030000000000000031 -0.00099999999999999872 
-0.0020000000000000035 -0.0020000000000000009 
-0.0010000000000000037 -0.0030000000000000009 
-3.3306690738754695e-18 -0.0040000000000000044 
0.00099999999999999655 -0.0050000000000000044 
0.001999999999999997 -0.0060000000000000053 
0.0029999999999999962 -0.0070000000000000106 
0.0039999999999999957 -0.0080000000000000088 
0.0049999999999999958 -0.0090000000000000132 
0.0059999999999999967 -0.01 
-0.01 0.0070000000000000149 
-0.0090000000000000011 0.006000000000000014 
-0.0080000000000000036 0.0050000000000000114 
-0.007000000000000001 0.0040000000000000079 
-0.0060000000000000045 0.0030000000000000083 
-0.0050000000000000027 0.0020000000000000065 
-0.0040000000000000018 0.0010000000000000037 
-0.0030000000000000027 2.8622937353617327e-18 
-0.0020000000000000022 -0.00099999999999999872 
-0.0010000000000000031 -0.0020000000000000009 
-3.3306690738754695e-18 -0.0030000000000000027 
0.00099999999999999807 -0.0040000000000000044 
0.001999999999999997 -0.005000000000000007 
0.0029999999999999966 -0.0060000000000000079 
0.0039999999999999983 -0.0070000000000000097 
0.0049999999999999966 -0.0080000000000000123 
0.0059999999999999967 -0.0090000000000000132 
0.0069999999999999975 -0.01 
-0.01 0.0080000000000000158 
-0.0090000000000000011 0.0070000000000000149 
-0.0080000000000000036 0.0060000000000000123 
-0.0070000000000000019 0.0050000000000000114 
-0.0060000000000000001 0.0040000000000000079 
-0.0050000000000000027 0.003000000000000007 
-0.0040000000000000018 0.0020000000000000052 
-0.0030000000000000022 0.0010000000000000037 
-0.0020000000000000018 1.8735013540549526e-18 
-0.001000000000000002 -0.00099999999999999915 
-1.6653345369377347e-18 -0.0020000000000000022 
0.0009999999999999985 -0.003000000000000004 
0.0019999999999999979 -0.0040000000000000053 
0.0029999999999999983 -0.005000000000000007 
0.0040000000000000001 -0.0060000000000000097 
0.0049999999999999992 -0.0070000000000000106 
0.0059999999999999984 -0.0080000000000000123 
0.0069999999999999975 -0.0090000000000000149 
0.0079999999999999984 -0.01 
-0.01 0.0090000000000000167 
-0.0090000000000000011 0.0080000000000000158 
-0.0080000000000000002 0.0070000000000000132 
-0.0069999999999999993 0.0060000000000000114 
-0.006000000000000001 0.0050000000000000088 
-0.0049999999999999992 0.0040000000000000079 
-0.0040000000000000001 0.0030000000000000061 
-0.0030000000000000005 0.0020000000000000044 
-0.0020000000000000013 0.0010000000000000026 
-0.0010000000000000009 3.2959746043559335e-19 
-8.3266726846886737e-19 -0.0010000000000000009 
0.00099999999999999894 -0.0020000000000000022 
0.0019999999999999983 -0.0030000000000000048 
0.0029999999999999992 -0.0040000000000000053 
0.0040000000000000001 -0.0050000000000000088 
0.0050000000000000001 -0.0060000000000000097 
0.0059999999999999984 -0.0070000000000000106 
0.0069999999999999993 -0.008000000000000014 
0.0079999999999999984 -0.0090000000000000149 
0.0089999999999999993 -0.01 
-0.01 0.01 
-0.0089999999999999993 0.0090000000000000167 
-0.0080000000000000002 0.008000000000000014 
-0.0069999999999999993 0.007000000000000014 
-0.0059999999999999984 0.0060000000000000088 
-0.0050000000000000001 0.0050000000000000088 
-0.0039999999999999992 0.004000000000000007 
-0.0030000000000000005 0.0030000000000000048 
-0.0020000000000000009 0.0020000000000000035 
-0.0009999999999999998 0.0010000000000000015 
0 -1.0408340855860842e-19 
0.001 -0.0010000000000000011 
0.0020000000000000009 -0.0020000000000000039 
0.0030000000000000005 -0.0030000000000000044 
0.004000000000000001 -0.0040000000000000062 
0.0050000000000000001 -0.0050000000000000088 
0.0059999999999999984 -0.0060000000000000097 
0.0069999999999999993 -0.0070000000000000149 
0.0080000000000000019 -0.0080000000000000123 
0.0089999999999999993 -0.0090000000000000149 
0.01 -0.01 
-0.0089999999999999993 0.01 
-0.0080000000000000002 0.0090000000000000167 
-0.0069999999999999993 0.008000000000000014 
-0.0059999999999999984 0.0070000000000000106 
-0.0050000000000000001 0.0060000000000000097 
-0.0039999999999999992 0.0050000000000000088 
-0.0029999999999999988 0.0040000000000000062 
-0.0019999999999999992 0.0030000000000000048 
-0.00099999999999999915 0.0020000000000000022 
1.1102230246251566e-18 0.0010000000000000009 
0.0010000000000000011 -2.6020852139652158e-19 
0.0020000000000000005 -0.0010000000000000031 
0.0030000000000000018 -0.0020000000000000044 
0.0040000000000000001 -0.0030000000000000061 
0.0050000000000000001 -0.0040000000000000079 
0.006000000000000001 -0.0050000000000000088 
0.0069999999999999984 -0.0060000000000000114 
0.0080000000000000002 -0.0070000000000000132 
0.0090000000000000011 -0.0080000000000000175 
0.01 -0.0090000000000000167 
-0.0079999999999999984 0.01 
-0.0069999999999999967 0.0090000000000000149 
-0.0059999999999999984 0.0080000000000000123 
-0.0049999999999999975 0.0070000000000000106 
-0.0039999999999999983 0.0060000000000000097 
-0.0029999999999999983 0.005000000000000007 
-0.0019999999999999983 0.0040000000000000044 
-0.00099999999999999807 0.003000000000000004 
2.2204460492503131e-18 0.0020000000000000018 
0.0010000000000000009 0.0009999999999999998 
0.0020000000000000018 -2.0816681711721696e-18 
0.0030000000000000018 -0.0010000000000000035 
0.0040000000000000001 -0.0020000000000000057 
0.0050000000000000027 -0.003000000000000007 
0.006000000000000001 -0.0040000000000000079 
0.0070000000000000019 -0.0050000000000000088 
0.0080000000000000002 -0.006000000000000014 
0.0090000000000000011 -0.0070000000000000166 
0.01 -0.0080000000000000158 
-0.0069999999999999975 0.01 
-0.0059999999999999984 0.0090000000000000132 
-0.0049999999999999975 0.0080000000000000123 
-0.0039999999999999966 0.0070000000000000088 
-0.002999999999999997 0.0060000000000000079 
-0.001999999999999997 0.005000000000000007 
-0.00099999999999999699 0.0040000000000000044 
3.8857805861880483e-18 0.0030000000000000027 
0.0010000000000000037 0.0020000000000000009 
0.0020000000000000031 0.00099999999999999915 
0.0030000000000000027 -2.7929047963226604e-18 
0.0040000000000000018 -0.001000000000000005 
0.0050000000000000027 -0.0020000000000000061 
0.0060000000000000036 -0.0030000000000000096 
0.0070000000000000045 -0.0040000000000000105 
0.0080000000000000036 -0.0050000000000000131 
0.0090000000000000045 -0.006000000000000014 
0.01 -0.0070000000000000149 
-0.0059999999999999967 0.01 
-0.0049999999999999966 0.0090000000000000132 
-0.0039999999999999966 0.0080000000000000088 
-0.0029999999999999962 0.0070000000000000088 
-0.001999999999999997 0.0060000000000000079 
-0.00099999999999999655 0.0050000000000000044 
3.3306690738754695e-18 0.0040000000000000036 
0.0010000000000000037 0.0030000000000000018 
0.0020000000000000039 0.0020000000000000009 
0.003000000000000004 0.00099999999999999807 
0.0040000000000000027 -2.9490299091605739e-18 
0.0050000000000000044 -0.0010000000000000052 
0.0060000000000000036 -0.0020000000000000061 
0.0070000000000000045 -0.0030000000000000096 
0.0080000000000000036 -0.0040000000000000105 
0.0090000000000000028 -0.0050000000000000148 
0.01 -0.006000000000000014 
-0.0049999999999999958 0.01 
-0.0039999999999999949 0.0090000000000000132 
-0.0029999999999999966 0.0080000000000000088 
-0.0019999999999999961 0.0070000000000000088 
-0.0009999999999999959 0.0060000000000000079 
4.4408920985006263e-18 0.0050000000000000044 
0.0010000000000000041 0.0040000000000000018 
0.0020000000000000044 0.0030000000000000018 
0.0030000000000000048 0.0019999999999999996 
0.0040000000000000036 0.00099999999999999764 
0.0050000000000000027 -4.4929338027799324e-18 
0.0060000000000000062 -0.0010000000000000057 
0.0070000000000000045 -0.0020000000000000083 
0.0080000000000000054 -0.0030000000000000096 
0.0090000000000000045 -0.0040000000000000122 
0.01 -0.0050000000000000131 
-0.0039999999999999949 0.01 
-0.0029999999999999949 0.0090000000000000097 
-0.0019999999999999957 0.0080000000000000088 
-0.00099999999999999482 0.0070000000000000062 
4.9960036108132042e-18 0.0060000000000000053 
0.0010000000000000054 0.0050000000000000044 
0.0020000000000000061 0.0040000000000000018 
0.0030000000000000048 0.0030000000000000005 
0.0040000000000000062 0.0019999999999999983 
0.0050000000000000044 0.00099999999999999612 
0.0060000000000000036 -4.9266146717741342e-18 
0.0070000000000000045 -0.0010000000000000074 
0.0080000000000000054 -0.0020000000000000083 
0.0090000000000000063 -0.0030000000000000122 
0.01 -0.0040000000000000122 
-0.002999999999999994 0.01 
-0.0019999999999999944 0.009000000000000008 
-0.00099999999999999417 0.0080000000000000071 
6.661338147750939e-18 0.0070000000000000062 
0.0010000000000000059 0.0060000000000000053 
0.0020000000000000061 0.0050000000000000027 
0.0030000000000000061 0.0040000000000000001 
0.0040000000000000044 0.0029999999999999992 
0.005000000000000007 0.0019999999999999974 
0.0060000000000000079 0.00099999999999999568 
0.0070000000000000062 -6.4705185653934927e-18 
0.0080000000000000071 -0.0010000000000000074 
0.0090000000000000045 -0.0020000000000000096 
0.01 -0.0030000000000000113 
-0.0019999999999999931 0.01 
-0.00099999999999999265 0.009000000000000008 
7.2164496600635178e-18 0.0080000000000000071 
0.001000000000000008 0.0070000000000000062 
0.0020000000000000061 0.0060000000000000036 
0.0030000000000000079 0.0050000000000000027 
0.0040000000000000062 0.0040000000000000001 
0.005000000000000007 0.0029999999999999983 
0.0060000000000000079 0.001999999999999997 
0.0070000000000000088 0.00099999999999999503 
0.0080000000000000071 -7.1123662515049131e-18 
0.0090000000000000063 -0.0010000000000000089 
0.01 -0.0020000000000000104 
-0.00099999999999999221 0.01 
7.2164496600635178e-18 0.009000000000000008 
0.0010000000000000076 0.0080000000000000071 
0.0020000000000000083 0.0070000000000000045 
0.0030000000000000079 0.0060000000000000036 
0.0040000000000000079 0.0050000000000000001 
0.0050000000000000105 0.0039999999999999992 
0.0060000000000000079 0.0029999999999999979 
0.0070000000000000097 0.0019999999999999961 
0.0080000000000000088 0.00099999999999999373 
0.0090000000000000097 -7.1297134862646808e-18 
0.01 -0.0010000000000000096 
8.6736173798840355e-18 0.01 
0.0010000000000000091 0.0090000000000000063 
0.00200000000000001 0.0080000000000000054 
0.0030000000000000083 0.0070000000000000019 
0.004000000000000007 0.006000000000000001 
0.0050000000000000088 0.0050000000000000001 
0.0060000000000000097 0.0039999999999999992 
0.0070000000000000088 0.002999999999999997 
0.0080000000000000088 0.0019999999999999953 
0.009000000000000008 0.00099999999999999308 
0.01 -8.6736173798840355e-18 
0.0010000000000000096 0.01 
0.0020000000000000091 0.0090000000000000063 
0.00300000000000001 0.0080000000000000054 
0.0040000000000000088 0.0070000000000000045 
0.0050000000000000079 0.006000000000000001 
0.0060000000000000097 0.0049999999999999992 
0.0070000000000000097 0.0039999999999999975 
0.0080000000000000106 0.0029999999999999966 
0.0090000000000000097 0.0019999999999999944 
0.01 0.00099999999999999221 
0.0020000000000000104 0.01 
0.0030000000000000118 0.0090000000000000063 
0.0040000000000000088 0.0080000000000000036 
0.0050000000000000122 0.0070000000000000019 
0.0060000000000000088 0.006000000000000001 
0.0070000000000000106 0.0049999999999999975 
0.0080000000000000106 0.0039999999999999975 
0.0090000000000000097 0.0029999999999999949 
0.01 0.0019999999999999931 
0.0030000000000000113 0.01 
0.0040000000000000122 0.0090000000000000045 
0.0050000000000000114 0.0080000000000000036 
0.0060000000000000123 0.0069999999999999993 
0.0070000000000000106 0.0059999999999999984 
0.0080000000000000088 0.0049999999999999975 
0.0090000000000000132 0.0039999999999999949 
0.01 0.002999999999999994 
0.0040000000000000122 0.01 
0.0050000000000000122 0.0090000000000000045 
0.0060000000000000123 0.0080000000000000036 
0.0070000000000000132 0.0069999999999999993 
0.0080000000000000106 0.0059999999999999984 
0.0090000000000000132 0.0049999999999999966 
0.01 0.0039999999999999949 
0.0050000000000000131 0.01 
0.0060000000000000157 0.0090000000000000045 
0.007000000000000014 0.0080000000000000002 
0.008000000000000014 0.0069999999999999975 
0.0090000000000000132 0.0059999999999999984 
0.01 0.0049999999999999958 
0.006000000000000014 0.01 
0.0070000000000000132 0.0090000000000000011 
0.008000000000000014 0.0080000000000000002 
0.0090000000000000149 0.0069999999999999975 
0.01 0.0059999999999999967 
0.0070000000000000149 0.01 
0.0080000000000000158 0.0090000000000000011 
0.0090000000000000167 0.0080000000000000002 
0.01 0.0069999999999999975 
0.0080000000000000158 0.01 
0.0090000000000000149 0.0089999999999999993 
0.01 0.0079999999999999984 
0.0090000000000000167 0.01 
0.01 0.0089999999999999993 
0.01 0.01 

3 # number of element types

# Type #0

3 vtx # type name


1 # number of nodes per element
4 # number of elements
# Elements
0 
210 
230 
440 

4 # number of geometric entity indices
# Geometric entity indices
0 
1 
2 
3 

# Type #1

3 edg # type name


2 # number of nodes per element
80 # number of elements
# Elements
0 1 
2 0 
1 3 
5 2 
3 6 
9 5 
6 10 
14 9 
10 15 
20 14 
15 21 
27 20 
21 28 
35 27 
28 36 
44 35 
36 45 
54 44 
45 55 
65 54 
55 66 
77 65 
66 78 
90 77 
78 91 
104 90 
91 105 
119 104 
105 120 
135 119 
120 136 
152 135 
136 153 
170 152 
153 171 
189 170 
171 190 
209 189 
190 210 
230 209 
210 231 
250 230 
231 251 
269 250 
251 270 
287 269 
270 288 
304 287 
288 305 
320 304 
305 321 
335 320 
321 336 
349 335 
336 350 
362 349 
350 363 
374 362 
363 375 
385 374 
375 386 
395 385 
386 396 
404 395 
396 405 
412 404 
405 413 
419 412 
413 420 
425 419 
420 426 
430 425 
426 431 
434 430 
431 435 
437 434 
435 438 
439 437 
438 440 
440 439 

80 # number of geometric entity indices
# Geometric entity indices
0 
1 
0 
1 
0 
1 
0 
1 
0 
1 
0 
1 
0 
1 
0 
1 
0 
1 
0 
1 
0 
1 
0 
1 
0 
1 
0 
1 
0 
1 
0 
1 
0 
1 
0 
1 
0 
1 
0 
1 
2 
3 
2 
3 
2 
3 
2 
3 
2 
3 
2 
3 
2 
3 
2 
3 
2 
3 
2 
3 
2 
3 
2 
3 
2 
3 
2 
3 
2 
3 
2 
3 
2 
3 
2 
3 
2 
3 
2 
3 

# Type #2

4 quad # type name


4 # number of nodes per element
400 # number of elements
# Elements
0 2 1 4 
1 4 3 7 
2 5 4 8 
3 7 6 11 
4 8 7 12 
5 9 8 13 
6 11 10 16 
7 12 11 17 
8 13 12 18 
9 14 13 19 
10 16 15 22 
11 17 16 23 
12 18 17 24 
13 19 18 25 
14 20 19 26 
15 22 21 29 
16 23 22 30 
17 24 23 31 
18 25 24 32 
19 26 25 33 
20 27 26 34 
21 29 28 37 
22 30 29 38 
23 31 30 39 
24 32 31 40 
25 33 32 41 
26 34 33 42 
27 35 34 43 
28 37 36 46 
29 38 37 47 
30 39 38 48 
31 40 39 49 
32 41 40 50 
33 42 41 51 
34 43 42 52 
35 44 43 53 
36 46 45 56 
37 47 46 57 
38 48 47 58 
39 49 48 59 
40 50 49 60 
41 51 50 61 
42 52 51 62 
43 53 52 63 
44 54 53 64 
45 56 55 67 
46 57 56 68 
47 58 57 69 
48 59 58 70 
49 60 59 71 
50 61 60 72 
51 62 61 73 
52 63 62 74 
53 64 63 75 
54 65 64 76 
55 67 66 79 
56 68 67 80 
57 69 68 81 
58 70 69 82 
59 71 70 83 
60 72 71 84 
61 73 72 85 
62 74 73 86 
63 75 74 87 
64 76 75 88 
65 77 76 89 
66 79 78 92 
67 80 79 93 
68 81 80 94 
69 82 81 95 
70 83 82 96 
71 84 83 97 
72 85 84 98 
73 86 85 99 
74 87 86 100 
75 88 87 101 
76 89 88 102 
77 90 89 103 
78 92 91 106 
79 93 92 107 
80 94 93 108 
81 95 94 109 
82 96 95 110 
83 97 96 111 
84 98 97 112 
85 99 98 113 
86 100 99 114 
87 101 100 115 
88 102 101 116 
89 103 102 117 
90 104 103 118 
91 106 105 121 
92 107 106 122 
93 108 107 123 
94 109 108 124 
95 110 109 125 
96 111 110 126 
97 112 111 127 
98 113 112 128 
99 114 113 129 
100 115 114 130 
101 116 115 131 
102 117 116 132 
103 118 117 133 
104 119 118 134 
105 121 120 137 
106 122 121 138 
107 123 122 139 
108 124 123 140 
109 125 124 141 
110 126 125 142 
111 127 126 143 
112 128 127 144 
113 129 128 145 
114 130 129 146 
115 131 130 147 
116 132 131 148 
117 133 132 149 
118 134 133 150 
119 135 134 151 
120 137 136 154 
121 138 137 155 
122 139 138 156 
123 140 139 157 
124 141 140 158 
125 142 141 159 
126 143 142 160 
127 144 143 161 
128 145 144 162 
129 146 145 163 
130 147 146 164 
131 148 147 165 
132 149 148 166 
133 150 149 167 
134 151 150 168 
135 152 151 169 
136 154 153 172 
137 155 154 173 
138 156 155 174 
139 157 156 175 
140 158 157 176 
141 159 158 177 
142 160 159 178 
143 161 160 179 
144 162 161 180 
145 163 162 181 
146 164 163 182 
147 165 164 183 
148 166 165 184 
149 167 166 185 
150 168 167 186 
151 169 168 187 
152 170 169 188 
153 172 171 191 
154 173 172 192 
155 174 173 193 
156 175 174 194 
157 176 175 195 
158 177 176 196 
159 178 177 197 
160 179 178 198 
161 180 179 199 
162 181 180 200 
163 182 181 201 
164 183 182 202 
165 184 183 203 
166 185 184 204 
167 186 185 205 
168 187 186 206 
169 188 187 207 
170 189 188 208 
171 191 190 211 
172 192 191 212 
173 193 192 213 
174 194 193 214 
175 195 194 215 
176 196 195 216 
177 197 196 217 
178 198 197 218 
179 199 198 219 
180 200 199 220 
181 201 200 221 
182 202 201 222 
183 203 202 223 
184 204 203 224 
185 205 204 225 
186 206 205 226 
187 207 206 227 
188 208 207 228 
189 209 208 229 
190 211 210 231 
191 212 211 232 
192 213 212 233 
193 214 213 234 
194 215 214 235 
195 216 215 236 
196 217 216 237 
197 218 217 238 
198 219 218 239 
199 220 219 240 
200 221 220 241 
201 222 221 242 
202 223 222 243 
203 224 223 244 
204 225 224 245 
205 226 225 246 
206 227 226 247 
207 228 227 248 
208 229 228 249 
209 230 229 250 
211 232 231 251 
212 233 232 252 
213 234 233 253 
214 235 234 254 
215 236 235 255 
216 237 236 256 
217 238 237 257 
218 239 238 258 
219 240 239 259 
220 241 240 260 
221 242 241 261 
222 243 242 262 
223 244 243 263 
224 245 244 264 
225 246 245 265 
226 247 246 266 
227 248 247 267 
228 249 248 268 
229 250 249 269 
232 252 251 270 
233 253 252 271 
234 254 253 272 
235 255 254 273 
236 256 255 274 
237 257 256 275 
238 258 257 276 
239 259 258 277 
240 260 259 278 
241 261 260 279 
242 262 261 280 
243 263 262 281 
244 264 263 282 
245 265 264 283 
246 266 265 284 
247 267 266 285 
248 268 267 286 
249 269 268 287 
252 271 270 288 
253 272 271 289 
254 273 272 290 
255 274 273 291 
256 275 274 292 
257 276 275 293 
258 277 276 294 
259 278 277 295 
260 279 278 296 
261 280 279 297 
262 281 280 298 
263 282 281 299 
264 283 282 300 
265 284 283 301 
266 285 284 302 
267 286 285 303 
268 287 286 304 
271 289 288 305 
272 290 289 306 
273 291 290 307 
274 292 291 308 
275 293 292 309 
276 294 293 310 
277 295 294 311 
278 296 295 312 
279 297 296 313 
280 298 297 314 
281 299 298 315 
282 300 299 316 
283 301 300 317 
284 302 301 318 
285 303 302 319 
286 304 303 320 
289 306 305 321 
290 307 306 322 
291 308 307 323 
292 309 308 324 
293 310 309 325 
294 311 310 326 
295 312 311 327 
296 313 312 328 
297 314 313 329 
298 315 314 330 
299 316 315 331 
300 317 316 332 
301 318 317 333 
302 319 318 334 
303 320 319 335 
306 322 321 336 
307 323 322 337 
308 324 323 338 
309 325 324 339 
310 326 325 340 
311 327 326 341 
312 328 327 342 
313 329 328 343 
314 330 329 344 
315 331 330 345 
316 332 331 346 
317 333 332 347 
318 334 333 348 
319 335 334 349 
322 337 336 350 
323 338 337 351 
324 339 338 352 
325 340 339 353 
326 341 340 354 
327 342 341 355 
328 343 342 356 
329 344 343 357 
330 345 344 358 
331 346 345 359 
332 347 346 360 
333 348 347 361 
334 349 348 362 
337 351 350 363 
338 352 351 364 
339 353 352 365 
340 354 353 366 
341 355 354 367 
342 356 355 368 
343 357 356 369 
344 358 357 370 
345 359 358 371 
346 360 359 372 
347 361 360 373 
348 362 361 374 
351 364 363 375 
352 365 364 376 
353 366 365 377 
354 367 366 378 
355 368 367 379 
356 369 368 380 
357 370 369 381 
358 371 370 382 
359 372 371 383 
360 373 372 384 
361 374 373 385 
364 376 375 386 
365 377 376 387 
366 378 377 388 
367 379 378 389 
368 380 379 390 
369 381 380 391 
370 382 381 392 
371 383 382 393 
372 384 383 394 
373 385 384 395 
376 387 386 396 
377 388 387 397 
378 389 388 398 
379 390 389 399 
380 391 390 400 
381 392 391 401 
382 393 392 402 
383 394 393 403 
384 395 394 404 
387 397 396 405 
388 398 397 406 
389 399 398 407 
390 400 399 408 
391 401 400 409 
392 402 401 410 
393 403 402 411 
394 404 403 412 
397 406 405 413 
398 407 406 414 
399 408 407 415 
400 409 408 416 
401 410 409 417 
402 411 410 418 
403 412 411 419 
406 414 413 420 
407 415 414 421 
408 416 415 422 
409 417 416 423 
410 418 417 424 
411 419 418 425 
414 421 420 426 
415 422 421 427 
416 423 422 428 
417 424 423 429 
418 425 424 430 
421 427 426 431 
422 428 427 432 
423 429 428 433 
424 430 429 434 
427 432 431 435 
428 433 432 436 
429 434 433 437 
432 436 435 438 
433 437 436 439 
436 439 438 440 

400 # number of geometric entity indices
# Geometric entity indices
1 
1 
1 
1 
1 
1 
1 
1 
1 
1 
1 
1 
1 
1 
1 
1 
1 
1 
1 
1 
1 
1 
1 
1 
1 
1 
1 
1 
1 
1 
1 
1 
1 
1 
1 
1 
1 
1 
1 
1 
1 
1 
1 
1 
1 
1 
1 
1 
1 
1 
1 
1 
1 
1 
1 
1 
1 
1 
1 
1 
1 
1 
1 
1 
1 
1 
1 
1 
1 
1 
1 
1 
1 
1 
1 
1 
1 
1 
1 
1 
1 
1 
1 
1 
1 
1 
1 
1 
1 
1 
1 
1 
1 
1 
1 
1 
1 
1 
1 
1 
1 
1 
1 
1 
1 
1 
1 
1 
1 
1 
1 
1 
1 
1 
1 
1 
1 
1 
1 
1 
1 
1 
1 
1 
1 
1 
1 
1 
1 
1 
1 
1 
1 
1 
1 
1 
1 
1 
1 
1 
1 
1 
1 
1 
1 
1 
1 
1 
1 
1 
1 
1 
1 
1 
1 
1 
1 
1 
1 
1 
1 
1 
1 
1 
1 
1 
1 
1 
1 
1 
1 
1 
1 
1 
1 
1 
1 
1 
1 
1 
1 
1 
1 
1 
1 
1 
1 
1 
1 
1 
1 
1 
1 
1 
1 
1 
1 
1 
1 
1 
1 
1 
1 
1 
1 
1 
1 
1 
1 
1 
1 
1 
1 
1 
1 
1 
1 
1 
1 
1 
1 
1 
1 
1 
1 
1 
1 
1 
1 
1 
1 
1 
1 
1 
1 
1 
1 
1 
1 
1 
1 
1 
1 
1 
1 
1 
1 
1 
1 
1 
1 
1 
1 
1 
1 
1 
1 
1 
1 
1 
1 
1 
1 
1 
1 
1 
1 
1 
1 
1 
1 
1 
1 
1 
1 
1 
1 
1 
1 
1 
1 
1 
1 
1 
1 
1 
1 
1 
1 
1 
1 
1 
1 
1 
1 
1 
1 
1 
1 
1 
1 
1 
1 
1 
1 
1 
1 
1 
1 
1 
1 
1 
1 
1 
1 
1 
1 
1 
1 
1 
1 
1 
1 
1 
1 
1 
1 
1 
1 
1 
1 
1 
1 
1 
1 
1 
1 
1 
1 
1 
1 
1 
1 
1 
1 
1 
1 
1 
1 
1 
1 
1 
1 
1 
1 
1 
1 
1 
1 
1 
1 
1 
1 
1 
1 
1 
1 
1 
1 
1 
1 
1 
1 
1 
1 
1 
1 
1 
1 
1 
1 
1 
1 
1 
1 
1 
1 
1 
1 
1 
1 
1 
1 
1 
1 
1 
1 
1 
1 
1 
