# Created by COMSOL Multiphysics.

# Major & minor version
0 1 
1 # number of tags
# Tags
5 mesh1 
1 # number of types
# Types
3 obj 

# --------- Object 0 ----------

0 0 1 
4 Mesh # class
4 # version
2 # sdim
121 # number of mesh points
0 # lowest mesh point index

# Mesh point coordinates
-0.01 -0.01 
-0.010000000000000002 -0.0080000000000000002 
-0.0080000000000000019 -0.01 
-0.01 -0.0060000000000000001 
-0.0080000000000000036 -0.0080000000000000002 
-0.0060000000000000001 -0.01 
-0.01 -0.0039999999999999983 
-0.0080000000000000036 -0.0059999999999999984 
-0.0060000000000000036 -0.0080000000000000002 
-0.0040000000000000018 -0.01 
-0.0099999999999999985 -0.0019999999999999974 
-0.0080000000000000019 -0.0039999999999999992 
-0.0060000000000000001 -0.0060000000000000001 
-0.0040000000000000027 -0.0080000000000000019 
-0.0020000000000000018 -0.01 
-0.01 1.7347234759768071e-18 
-0.0079999999999999984 -0.0019999999999999974 
-0.0060000000000000019 -0.0040000000000000001 
-0.0040000000000000018 -0.0060000000000000001 
-0.0020000000000000022 -0.0079999999999999984 
-1.7347234759768071e-18 -0.01 
-0.01 0.0020000000000000018 
-0.0080000000000000002 2.1163626406917046e-18 
-0.0059999999999999967 -0.0019999999999999992 
-0.0040000000000000018 -0.0039999999999999983 
-0.0020000000000000013 -0.006000000000000001 
-2.4980018054066021e-18 -0.0080000000000000019 
0.0019999999999999974 -0.0099999999999999985 
-0.01 0.0040000000000000018 
-0.0080000000000000002 0.0020000000000000018 
-0.006000000000000001 2.7755575615628914e-19 
-0.0039999999999999983 -0.0019999999999999983 
-0.002 -0.0040000000000000001 
-9.7144514654701207e-19 -0.006000000000000001 
0.0019999999999999974 -0.0079999999999999984 
0.0039999999999999983 -0.01 
-0.01 0.0060000000000000001 
-0.0080000000000000002 0.0040000000000000027 
-0.006000000000000001 0.0020000000000000009 
-0.0040000000000000001 1.2143064331837651e-18 
-0.0019999999999999987 -0.002 
-2.7755575615628914e-19 -0.0039999999999999992 
0.0019999999999999979 -0.0059999999999999967 
0.0039999999999999992 -0.0080000000000000019 
0.0060000000000000001 -0.01 
-0.01 0.0080000000000000019 
-0.0080000000000000002 0.0060000000000000036 
-0.006000000000000001 0.0040000000000000018 
-0.0040000000000000001 0.0020000000000000005 
-0.0019999999999999996 -1.1796119636642291e-18 
5.5511151231257828e-19 -0.002 
0.0019999999999999979 -0.0039999999999999983 
0.0040000000000000001 -0.0060000000000000001 
0.0059999999999999975 -0.0080000000000000019 
0.0080000000000000002 -0.010000000000000002 
-0.01 0.01 
-0.0080000000000000002 0.0080000000000000036 
-0.0059999999999999984 0.0060000000000000001 
-0.0039999999999999992 0.0040000000000000001 
-0.002 0.0019999999999999983 
0 -2.4286128663675302e-19 
0.0019999999999999996 -0.0019999999999999992 
0.0040000000000000001 -0.0040000000000000018 
0.0059999999999999984 -0.0059999999999999984 
0.0079999999999999984 -0.0080000000000000054 
0.01 -0.01 
-0.0080000000000000002 0.010000000000000002 
-0.0059999999999999984 0.0080000000000000019 
-0.0040000000000000001 0.006000000000000001 
-0.0019999999999999992 0.0039999999999999992 
-5.5511151231257828e-19 0.0019999999999999996 
0.0019999999999999996 6.9388939039072288e-19 
0.0039999999999999992 -0.0020000000000000005 
0.0060000000000000001 -0.0040000000000000001 
0.0080000000000000002 -0.0060000000000000036 
0.01 -0.0080000000000000019 
-0.0060000000000000001 0.01 
-0.0039999999999999983 0.0080000000000000036 
-0.0019999999999999983 0.0059999999999999984 
1.1102230246251566e-18 0.0040000000000000001 
0.0019999999999999983 0.002 
0.0040000000000000001 -3.1225022567582527e-19 
0.0060000000000000001 -0.0020000000000000009 
0.0080000000000000002 -0.0040000000000000018 
0.01 -0.0060000000000000001 
-0.0039999999999999983 0.01 
-0.001999999999999997 0.0079999999999999984 
5.5511151231257828e-19 0.006000000000000001 
0.002 0.0040000000000000018 
0.0040000000000000001 0.0019999999999999983 
0.0060000000000000001 -6.2450045135165053e-19 
0.0080000000000000036 -0.0020000000000000022 
0.01 -0.0040000000000000018 
-0.0019999999999999974 0.0099999999999999985 
2.2204460492503131e-18 0.0080000000000000002 
0.0020000000000000009 0.006000000000000001 
0.0040000000000000001 0.0039999999999999983 
0.0059999999999999967 0.0019999999999999983 
0.0080000000000000002 -1.908195823574488e-18 
0.01 -0.0020000000000000018 
1.7347234759768071e-18 0.01 
0.0020000000000000022 0.0080000000000000036 
0.0040000000000000001 0.0059999999999999984 
0.006000000000000001 0.0040000000000000001 
0.0080000000000000002 0.0019999999999999974 
0.01 -1.7347234759768071e-18 
0.0020000000000000018 0.01 
0.0040000000000000018 0.0080000000000000002 
0.0059999999999999984 0.0059999999999999984 
0.0080000000000000002 0.0039999999999999983 
0.0099999999999999985 0.0019999999999999974 
0.0040000000000000018 0.01 
0.0060000000000000036 0.0080000000000000002 
0.0080000000000000002 0.0059999999999999984 
0.01 0.0039999999999999983 
0.0060000000000000001 0.01 
0.0080000000000000054 0.0080000000000000002 
0.01 0.0060000000000000001 
0.0080000000000000019 0.01 
0.010000000000000002 0.0080000000000000002 
0.01 0.01 

3 # number of element types

# Type #0

3 vtx # type name


1 # number of nodes per element
4 # number of elements
# Elements
0 
55 
65 
120 

4 # number of geometric entity indices
# Geometric entity indices
0 
1 
2 
3 

# Type #1

3 edg # type name


2 # number of nodes per element
40 # number of elements
# Elements
0 1 
2 0 
1 3 
5 2 
3 6 
9 5 
6 10 
14 9 
10 15 
20 14 
15 21 
27 20 
21 28 
35 27 
28 36 
44 35 
36 45 
54 44 
45 55 
65 54 
55 66 
75 65 
66 76 
84 75 
76 85 
92 84 
85 93 
99 92 
93 100 
105 99 
100 106 
110 105 
106 111 
114 110 
111 115 
117 114 
115 118 
119 117 
118 120 
120 119 

40 # number of geometric entity indices
# Geometric entity indices
0 
1 
0 
1 
0 
1 
0 
1 
0 
1 
0 
1 
0 
1 
0 
1 
0 
1 
0 
1 
2 
3 
2 
3 
2 
3 
2 
3 
2 
3 
2 
3 
2 
3 
2 
3 
2 
3 
2 
3 

# Type #2

4 quad # type name


4 # number of nodes per element
100 # number of elements
# Elements
0 2 1 4 
1 4 3 7 
2 5 4 8 
3 7 6 11 
4 8 7 12 
5 9 8 13 
6 11 10 16 
7 12 11 17 
8 13 12 18 
9 14 13 19 
10 16 15 22 
11 17 16 23 
12 18 17 24 
13 19 18 25 
14 20 19 26 
15 22 21 29 
16 23 22 30 
17 24 23 31 
18 25 24 32 
19 26 25 33 
20 27 26 34 
21 29 28 37 
22 30 29 38 
23 31 30 39 
24 32 31 40 
25 33 32 41 
26 34 33 42 
27 35 34 43 
28 37 36 46 
29 38 37 47 
30 39 38 48 
31 40 39 49 
32 41 40 50 
33 42 41 51 
34 43 42 52 
35 44 43 53 
36 46 45 56 
37 47 46 57 
38 48 47 58 
39 49 48 59 
40 50 49 60 
41 51 50 61 
42 52 51 62 
43 53 52 63 
44 54 53 64 
45 56 55 66 
46 57 56 67 
47 58 57 68 
48 59 58 69 
49 60 59 70 
50 61 60 71 
51 62 61 72 
52 63 62 73 
53 64 63 74 
54 65 64 75 
56 67 66 76 
57 68 67 77 
58 69 68 78 
59 70 69 79 
60 71 70 80 
61 72 71 81 
62 73 72 82 
63 74 73 83 
64 75 74 84 
67 77 76 85 
68 78 77 86 
69 79 78 87 
70 80 79 88 
71 81 80 89 
72 82 81 90 
73 83 82 91 
74 84 83 92 
77 86 85 93 
78 87 86 94 
79 88 87 95 
80 89 88 96 
81 90 89 97 
82 91 90 98 
83 92 91 99 
86 94 93 100 
87 95 94 101 
88 96 95 102 
89 97 96 103 
90 98 97 104 
91 99 98 105 
94 101 100 106 
95 102 101 107 
96 103 102 108 
97 104 103 109 
98 105 104 110 
101 107 106 111 
102 108 107 112 
103 109 108 113 
104 110 109 114 
107 112 111 115 
108 113 112 116 
109 114 113 117 
112 116 115 118 
113 117 116 119 
116 119 118 120 

100 # number of geometric entity indices
# Geometric entity indices
1 
1 
1 
1 
1 
1 
1 
1 
1 
1 
1 
1 
1 
1 
1 
1 
1 
1 
1 
1 
1 
1 
1 
1 
1 
1 
1 
1 
1 
1 
1 
1 
1 
1 
1 
1 
1 
1 
1 
1 
1 
1 
1 
1 
1 
1 
1 
1 
1 
1 
1 
1 
1 
1 
1 
1 
1 
1 
1 
1 
1 
1 
1 
1 
1 
1 
1 
1 
1 
1 
1 
1 
1 
1 
1 
1 
1 
1 
1 
1 
1 
1 
1 
1 
1 
1 
1 
1 
1 
1 
1 
1 
1 
1 
1 
1 
1 
1 
1 
1 
